Plant	Long	Lat	Local	Ano	Altura	DAP	N_folhas	Compri_folha	N_pinas	Compri_pina	Largura_pina	F_T	F_Casca	F_Polpa	F_Endo	F_Sem	S_T	S_Casca	S_Polpa	S_Endo	S_Sem	U_T	U_Casca	U_Polpa	U_Endo	U_Sem	OC
1	7548156	775409	1	1	10.1	27.5	17	2.68	40	65.67	1.8	NA	NA	NA	NA	NA	NA	NA	NA	NA	NA	NA	NA	NA	NA	NA	NA
2	7548157	775430	1	1	9.2	24.7	15	2.92	28	67.67	2.57	NA	NA	NA	NA	NA	NA	NA	NA	NA	NA	NA	NA	NA	NA	NA	NA
3	7548175	775405	1	1	9.3	28	21	2.8	37	66	2.57	NA	NA	NA	NA	NA	NA	NA	NA	NA	NA	NA	NA	NA	NA	NA	NA
4	7548181	775413	1	1	8.7	26.2	15	2.75	43	67	3	NA	NA	NA	NA	NA	NA	NA	NA	NA	NA	NA	NA	NA	NA	NA	NA
5	7548188	775413	1	1	7.3	29.7	11	2.77	36	69	2.7	NA	NA	NA	NA	NA	NA	NA	NA	NA	NA	NA	NA	NA	NA	NA	NA
6	7548188	775414	1	1	9.1	23.6	23	2.71	29	80.67	2.47	NA	NA	NA	NA	NA	NA	NA	NA	NA	NA	NA	NA	NA	NA	NA	NA
7	7548191	775417	1	1	8.7	19.5	12	2.72	33	84.33	2.87	NA	NA	NA	NA	NA	NA	NA	NA	NA	NA	NA	NA	NA	NA	NA	NA
8	7548191	775398	1	1	7.2	17.7	17	2.4	36	65.33	2.2	NA	NA	NA	NA	NA	NA	NA	NA	NA	NA	NA	NA	NA	NA	NA	NA
9	7548191	775398	1	1	9.8	24	17	2.68	37	72.33	3.1	80.59	15.44	44.17	16.07	4.45	48.13	9.05	22.18	13.29	3.61	32.46	6.38	21.99	2.78	0.84	22.23
10	7548189	775391	1	1	9.5	27.5	11	2.61	33	68.33	2.63	NA	NA	NA	NA	NA	NA	NA	NA	NA	NA	NA	NA	NA	NA	NA	NA
11	7548188	775387	1	1	9.1	28	15	2.96	40	75	3.13	NA	NA	NA	NA	NA	NA	NA	NA	NA	NA	NA	NA	NA	NA	NA	NA
12	7548192	775390	1	1	9.1	23	16	2.89	34	67	2.33	NA	NA	NA	NA	NA	NA	NA	NA	NA	NA	NA	NA	NA	NA	NA	NA
13	7548197	775393	1	1	7.7	26	14	2.85	43	73	2.67	71.41	16.9	36.33	13.32	3.16	37.5	9.31	14.69	11.1	2.41	33.91	7.59	21.64	2.23	0.75	NA
14	7548198	775390	1	1	8.8	32.4	17	3.8	38	90.67	2.47	NA	NA	NA	NA	NA	NA	NA	NA	NA	NA	NA	NA	NA	NA	NA	NA
15	7548203	775388	1	1	9	24.3	17	2.73	34	64	2.8	101.82	19.48	56.69	17.75	5.38	50.95	10.1	23.51	15.02	3.49	50.87	9.38	33.18	2.73	1.89	32.27
16	7548207	775397	1	1	9.1	22	15	2.85	32	73.67	2.3	NA	NA	NA	NA	NA	NA	NA	NA	NA	NA	NA	NA	NA	NA	NA	NA
17	7548213	775412	1	1	9.5	25.5	17	3.15	37	76.33	2.87	NA	NA	NA	NA	NA	NA	NA	NA	NA	NA	NA	NA	NA	NA	NA	NA
18	7548218	775407	1	1	8	28.1	18	2.68	32	76.33	2.53	96.25	16.1	57.79	15.86	4.9	56.88	9.57	29.76	13.3	4.26	39.37	6.53	28.03	2.56	0.64	46.57
19	7548223	775403	1	1	6.9	23.3	18	2.67	33	62	2.17	89.75	16.56	51.64	16.12	4.65	60.6	11.42	29.83	15.45	3.91	29.15	5.15	21.82	0.67	0.74	37.47
20	7548224	775394	1	1	9.5	28.1	21	2.66	31	68	2.5	114.47	27.5	62.6	19.31	4.4	56.34	13.69	24.13	15.44	3.07	58.13	13.8	38.47	3.87	1.33	36.9
21	7548260	775405	1	1	9.3	30.3	24	2.72	34	85.67	2.93	72.86	19.5	36.33	12.69	3.07	42.85	11.04	18.61	10.69	2.51	30.01	8.46	17.72	1.99	0.56	36.3
22	7548225	775412	1	1	6.5	28.3	25	2.87	31	81.67	1.73	66.66	14.31	37.76	10.29	2.85	35.76	8.23	16.73	8.6	2.2	30.9	6.08	21.03	1.69	0.65	17.9
23	7548274	775423	1	1	7.6	30.4	21	2.77	32	71.67	2.77	59.7	14.49	32.39	11.85	4.38	35.57	7.22	16.93	9.03	2.39	24.12	7.27	15.46	2.82	1.99	49.73
24	7548285	775430	1	1	8	30.5	25	2.96	35	79	2.97	109.56	19.45	68.88	15.62	3.93	66.56	12.55	37.41	13.2	3.39	43	6.89	31.46	2.41	0.54	36.5
25	7548264	775438	1	1	7.9	24.2	12	2.47	39	60.67	2.37	59.67	16.05	26.85	11.95	2.92	33	9.02	12.46	10.1	2.3	26.67	7.03	14.38	1.85	0.62	38.83
26	7548273	775469	1	1	6.9	26.4	16	2.75	33	74	3.2	NA	NA	NA	NA	NA	NA	NA	NA	NA	NA	NA	NA	NA	NA	NA	NA
27	7548293	775451	1	1	4.4	26.8	21	2.82	44	73	2.53	84.51	19.02	48.48	13.23	3.35	41.62	9.98	19.45	10.13	2.07	42.89	9.04	29.04	3.11	1.28	32.6
28	7548280	775421	1	1	8.3	22.3	15	2.96	31	74	3.07	NA	NA	NA	NA	NA	NA	NA	NA	NA	NA	NA	NA	NA	NA	NA	NA
29	7548284	775440	1	1	6.8	28.3	19	2.73	35	71	3.27	NA	NA	NA	NA	NA	NA	NA	NA	NA	NA	NA	NA	NA	NA	NA	NA
30	7548306	775505	1	1	6.7	23.5	10	2.43	35	61.67	3.03	53.31	11.08	26.18	11.6	3.69	29.69	6.24	11.52	9.32	2.61	23.61	4.84	14.66	2.28	1.08	NA
31	7548329	775509	1	1	7.5	21.4	12	2.92	38	75.33	2.67	74.33	13.41	44.58	13.6	2.22	45.63	7.77	25.04	11.58	1.86	28.7	5.64	19.54	2.02	0.36	29.9
32	7548333	775492	1	1	5.6	21.2	32	2.64	31	59.67	2.37	88.19	17.89	51.95	13.22	3.92	43.66	9.54	20.72	10.58	2.82	44.53	8.35	31.23	2.65	1.1	24.4
33	7548311	775467	1	1	6.5	23.2	19	2.09	29	83	2.63	NA	NA	NA	NA	NA	NA	NA	NA	NA	NA	NA	NA	NA	NA	NA	NA
34	7548308	775461	1	1	8.1	29.2	17	2.47	36	71.67	2.5	NA	NA	NA	NA	NA	NA	NA	NA	NA	NA	NA	NA	NA	NA	NA	NA
35	7548320	775450	1	1	5.7	28	20	2.13	31	72.33	2.33	53.86	11.89	27.43	10.39	2.54	31.14	6.54	13.68	8.76	2.16	22.72	5.36	13.74	1.64	0.38	45.9
36	7548315	775451	1	1	6.5	24	21	2.6	37	63	2.47	NA	NA	NA	NA	NA	NA	NA	NA	NA	NA	NA	NA	NA	NA	NA	NA
37	7548305	775444	1	1	7.2	28.2	19	2.41	33	65.67	3	77.23	15.8	43.49	13.77	2.46	46.7	8.37	24.61	11.61	2.11	30.52	7.43	18.87	2.16	0.35	29.97
38	7548300	775447	1	1	5.2	28.2	21	2.33	36	62.67	2.27	77.66	13.84	46.18	11.9	3.84	42.26	7.09	22.26	9.78	3.13	35.4	6.76	23.92	2.12	0.7	51.6
39	7548302	775459	1	1	8.1	30.1	20	2.39	39	62.67	2.67	81.52	16.96	44.61	15.87	3.3	47.19	8.82	23.25	12.84	2.29	34.33	8.14	21.36	3.04	1.01	33.2
40	7548296	775459	1	1	7.5	28	17	2.6	36	69	2.13	97.18	21.37	50.67	17.94	5.12	61.45	13.44	28.43	15.22	4.36	35.74	7.93	22.24	2.73	0.76	31.33
41	7548298	775415	1	1	4.5	32.5	18	2.72	38	69	2.67	NA	NA	NA	NA	NA	NA	NA	NA	NA	NA	NA	NA	NA	NA	NA	NA
42	7548306	775403	1	1	8.5	32.5	21	2.94	34	77.67	3.27	122.67	30.67	58.25	25.2	6.31	77.49	16.2	34.77	21.53	4.98	45.18	14.47	23.47	3.67	1.32	44.2
43	7548360	775369	1	1	7.2	33.2	21	3.37	32	74.33	NA	NA	NA	NA	NA	NA	NA	NA	NA	NA	NA	NA	NA	NA	NA	NA	NA
44	7548325	775375	1	1	10.9	28.7	13	2.65	39	63.67	2.53	NA	NA	NA	NA	NA	NA	NA	NA	NA	NA	NA	NA	NA	NA	NA	NA
45	7548325	775374	1	1	5.1	27.2	18	2.56	36	67	2.77	NA	NA	NA	NA	NA	NA	NA	NA	NA	NA	NA	NA	NA	NA	NA	NA
46	7548324	775373	1	1	7.6	30.5	20	2.87	36	82.67	2.6	NA	NA	NA	NA	NA	NA	NA	NA	NA	NA	NA	NA	NA	NA	NA	NA
47	7548324	775363	1	1	11.5	22.9	20	2.12	37	63.67	2.2	NA	NA	NA	NA	NA	NA	NA	NA	NA	NA	NA	NA	NA	NA	NA	NA
48	7548327	775367	1	1	5.5	26.8	16	2.48	42	67.67	2.27	NA	NA	NA	NA	NA	NA	NA	NA	NA	NA	NA	NA	NA	NA	NA	NA
49	7548322	775360	1	1	10.4	21.5	14	2.73	37	62.33	2.67	NA	NA	NA	NA	NA	NA	NA	NA	NA	NA	NA	NA	NA	NA	NA	NA
50	7548330	775348	1	1	7.6	30.6	28	2.75	46	67.67	2.77	NA	NA	NA	NA	NA	NA	NA	NA	NA	NA	NA	NA	NA	NA	NA	NA
51	7548343	775355	1	1	6.9	31.3	22	2.64	35	79.67	2.5	77.5	17.78	42.41	12.87	3.6	41.8	8.84	19.67	10.47	2.81	35.7	8.93	22.74	2.39	0.79	47.83
52	7548346	775340	1	1	8.4	32.8	17	3.12	37	74.67	2.43	57.8	12.3	28.61	12.26	2.95	34.46	6.91	14.39	10.53	2.62	23.34	5.39	14.21	1.73	0.33	48.93
53	7548343	775333	1	1	10.3	24.8	20	2.84	35	82.67	2.47	63.95	13.33	29.96	15.46	4.27	39.72	8.03	15.53	12.82	3.34	24.24	5.31	14.44	2.64	0.93	NA
54	7548340	775339	1	1	12.1	28.1	18	2.76	31	65.67	3.27	125.13	24.83	75.6	18.69	4.44	68.29	13.15	36	15.46	3.69	56.84	11.68	39.61	3.23	0.75	40.43
55	7548332	775340	1	1	7	31.2	31	2.15	36	71	2.67	62.48	15.93	31.41	12.46	2.89	40.46	10.14	17.58	10.34	2.39	22.03	5.79	13.83	2.12	0.5	NA
56	7548340	775327	1	1	4.9	26.8	27	2.29	41	65	2.53	NA	NA	NA	NA	NA	NA	NA	NA	NA	NA	NA	NA	NA	NA	NA	NA
57	7548334	775322	1	1	13	34.3	24	2.73	31	79.33	2.8	99.28	19.1	57.7	16.87	4.52	54.57	11.11	30.61	13.87	3.6	44.71	7.99	27.08	3	0.92	42.43
58	7548351	775303	1	1	9.5	31	24	3.05	34	76.67	2.93	60.16	12.01	30.95	13.41	5.62	32.78	5.99	14.94	9.66	2.18	27.38	6.02	16.01	3.75	3.43	NA
59	7548368	775308	1	1	6.4	23.4	17	2.5	39	61.33	2	NA	NA	NA	NA	NA	NA	NA	NA	NA	NA	NA	NA	NA	NA	NA	NA
60	7548357	775293	1	1	8.2	27.5	25	2.37	33	66	2.97	NA	NA	NA	NA	NA	NA	NA	NA	NA	NA	NA	NA	NA	NA	NA	NA
61	7548351	775283	1	1	5.7	29	22	2.57	34	68.33	2.17	75.81	17.17	36.04	17.71	4.58	47.55	9.97	18.19	15.24	4.15	28.26	7.2	17.85	2.48	0.43	29.6
62	7548291	775319	1	1	6.4	23.1	19	2.59	32	80	3	74.95	17.36	39.26	12.09	5.14	43.27	9.98	18.78	10.26	4.25	31.68	7.38	20.49	1.83	0.9	36.03
63	7548282	775329	1	1	4.5	26.1	24	2.36	35	74	2.57	NA	NA	NA	NA	NA	NA	NA	NA	NA	NA	NA	NA	NA	NA	NA	NA
64	7548268	775339	1	1	9.5	28	23	3.09	34	83	2.97	83.09	22.05	48.25	14.56	3.83	53.35	13.48	24.35	12.26	3.26	29.74	8.56	23.9	2.29	0.58	48.43
65	7548266	775347	1	1	5.3	25	20	2.84	33	77.67	2.47	72.25	14.87	37.45	13.13	4.88	NA	NA	NA	NA	NA	72.25	14.87	37.45	13.13	4.88	32
66	7548260	775349	1	1	9.6	26	25	2.9	37	80	3.47	93.96	24	48.03	16.97	3.64	60.68	15.13	27.46	14.84	3.26	33.28	8.87	20.57	2.14	0.38	45.37
67	7548255	775339	1	1	4.6	31	19	2.46	41	71.67	2.4	91.21	18.99	52.52	13.11	4.02	45.32	9.34	21.43	11.08	3.46	45.89	9.65	31.09	2.03	0.55	31.8
68	7548251	775344	1	1	8.5	25	21	3.11	33	81.33	2.47	101.66	15.23	66.54	15.67	3.29	65.35	10.62	38.78	13.05	2.91	36.3	4.61	27.76	2.62	0.38	38.1
69	7548281	775363	1	1	8	25.5	19	2.5	34	71.33	2.77	84.44	19.24	46.34	13.83	3.76	43.49	9.73	18.64	11.71	3.41	40.94	9.51	27.7	2.12	0.35	37.67
70	7548286	775368	1	1	8.7	28.5	30	2.88	37	72.33	3.27	74.75	15.58	39.76	12.94	4.07	41.48	8.41	18.63	10.79	3.66	33.27	7.17	21.13	2.15	0.41	NA
71	7548295	775377	1	1	8.7	29	18	2.96	44	66.67	2.43	NA	NA	NA	NA	NA	NA	NA	NA	NA	NA	NA	NA	NA	NA	NA	NA
72	7548284	775379	1	1	8.7	28.5	18	3	31	81.33	2.67	77.67	20.01	39.23	13.74	3.03	42.28	11.27	17.02	11.42	2.57	35.39	8.74	22.21	2.32	0.46	20.2
73	7548281	775380	1	1	9.4	27	20	2.4	37	77.33	2.9	NA	NA	NA	NA	NA	NA	NA	NA	NA	NA	NA	NA	NA	NA	NA	NA
74	7548277	775370	1	1	7.5	24	22	2.37	39	60.33	2.73	NA	NA	NA	NA	NA	NA	NA	NA	NA	NA	NA	NA	NA	NA	NA	NA
75	7548274	775365	1	1	8.1	31	20	2.99	32	79	2.2	NA	NA	NA	NA	NA	NA	NA	NA	NA	NA	NA	NA	NA	NA	NA	NA
76	7548272	775365	1	1	6.2	25	21	2.4	41	73.33	2.87	NA	NA	NA	NA	NA	NA	NA	NA	NA	NA	NA	NA	NA	NA	NA	NA
77	7548271	775382	1	1	5.3	32	32	2.73	32	81	2.53	147.53	25.11	89.4	25.9	4.94	92.67	15.45	51.19	21.94	4.09	54.86	9.66	38.2	3.97	0.85	33.93
78	7548266	775367	1	1	6.4	30.1	15	2.3	36	63	2.67	66.99	12.16	39.22	10.77	3.67	36.5	5.69	18.82	9.02	2.97	30.49	6.46	20.4	1.76	0.71	42.03
79	7548274	775394	1	1	9	24.8	27	2.83	39	77.33	3.27	70.27	15.31	35.37	14.35	3.71	42.19	8.52	18.71	12.04	2.93	28.09	6.79	16.66	2.32	0.78	36.43
80	7548271	775402	1	1	9.4	26.8	26	2.8	36	91.33	3.1	57.61	12.55	30.81	11.24	2.62	37.4	8.39	17.26	9.54	2.21	20.21	4.17	13.55	1.7	0.41	43.8
81	7548264	775373	1	1	8.5	26.2	15	2.4	34	81.33	2.73	87.24	13.4	52.56	15.59	3.77	48.16	7.71	24.43	13.01	3	39.09	5.69	28.13	2.58	0.77	36.83
82	7548261	775368	1	1	5.8	27.7	24	2.76	30	82.67	1.57	70.04	13.68	41	10.98	3.23	42.42	7.52	23.03	9.14	2.73	27.62	6.16	17.97	1.85	0.5	33.7
83	7548261	775368	1	1	6.2	23.9	18	2.73	34	83.67	2.83	85.35	14.58	52.56	12.97	3.63	46.36	7.69	24.52	11.08	3.07	38.98	6.89	28.04	1.89	0.56	32.83
84	7548259	775370	1	1	7.7	28.3	25	2.73	32	81.33	2.2	74.39	17.08	38.71	12.75	3.42	36.71	8.24	16.46	9.63	2.37	37.68	8.83	22.25	3.12	1.05	35.03
85	7548258	775380	1	1	8.6	28	27	2.8	39	76.33	2.6	70.07	18.68	35.13	12.97	2.49	42.14	10.78	18.47	10.8	2.09	27.93	7.9	16.66	2.17	0.4	NA
86	7548239	775357	1	1	4.9	27.7	19	2.24	42	74.67	1.93	NA	NA	NA	NA	NA	NA	NA	NA	NA	NA	NA	NA	NA	NA	NA	NA
87	7548236	775351	1	1	5.9	24.8	23	2.54	34	75.67	2.7	97.38	25.53	47.49	18.43	4.13	50.71	13.85	18.22	15.12	3.52	46.68	11.68	29.27	3.31	0.61	24.2
88	7548234	775378	1	1	6.3	31.2	25	3.21	39	86	3.07	74.82	18.58	38.86	12.37	4.63	43.31	10.75	18.1	10.56	3.9	31.51	7.84	20.76	1.81	0.73	NA
89	7548220	775362	1	1	6.7	28.5	30	2.69	27	92.33	2.47	75.72	19.01	32.97	17.72	4.82	41.96	8.53	14.55	14.86	4.02	33.76	10.48	18.42	2.86	0.8	28.37
90	7548209	775378	1	1	7.6	26.5	19	2.54	24	72.33	2.87	NA	NA	NA	NA	NA	NA	NA	NA	NA	NA	NA	NA	NA	NA	NA	21.27
91	7548203	775374	1	1	8.3	32.4	23	2.82	37	76.67	2.6	NA	NA	NA	NA	NA	NA	NA	NA	NA	NA	NA	NA	NA	NA	NA	NA
92	7548194	775375	1	1	6.4	28.2	18	2.66	42	71.67	2.3	NA	NA	NA	NA	NA	NA	NA	NA	NA	NA	NA	NA	NA	NA	NA	NA
93	7548195	775377	1	1	5.9	26.5	13	2.37	52	64.33	2.67	NA	NA	NA	NA	NA	NA	NA	NA	NA	NA	NA	NA	NA	NA	NA	NA
94	7548185	775386	1	1	7.9	26.5	22	3.1	44	78.33	2.67	NA	NA	NA	NA	NA	NA	NA	NA	NA	NA	NA	NA	NA	NA	NA	NA
95	7548163	775380	1	1	6.9	27.7	14	2.87	42	75	2.83	NA	NA	NA	NA	NA	NA	NA	NA	NA	NA	NA	NA	NA	NA	NA	NA
96	7548159	775387	1	1	7.8	32	15	3.3	23	94	3.03	NA	NA	NA	NA	NA	NA	NA	NA	NA	NA	NA	NA	NA	NA	NA	NA
97	7548259	775299	1	1	7.9	24.2	21	2.8	41	73.33	3.1	81.2	20.27	41.98	14.95	2.67	52.57	13.73	24.06	12.53	2.25	28.64	6.54	17.93	2.42	0.42	45.4
98	7548267	775285	1	1	8.5	31	21	2.35	29	69.33	2.67	136.9	23.41	86.05	19.62	6.09	79.32	14.12	44.33	16.1	4.76	57.58	9.29	41.71	3.51	1.33	42.13
99	7548287	775280	1	1	8	36.7	23	2.72	31	78.67	3.2	89.21	16.06	54.26	14.6	3.02	53.93	11.23	27.61	12.39	2.71	35.28	4.83	26.65	2.21	0.32	22.97
100	7548286	775287	1	1	11.2	23.8	18	2.28	42	64.67	2.63	65.82	14.93	33.87	12.06	3.66	43.59	9.83	19.43	10.74	3.58	22.23	5.09	14.44	1.32	0.08	43.27
101	-48.320.861	-22.149.139	2	1	5.8	40.4	25	2.81	31	81	2.5	95.44	20.67	52.12	17.13	4.03	57.72	12.18	27.83	14.53	3.18	37.72	8.49	24.29	2.6	0.85	28.13
102	-48.320.889	-22.148.944	2	1	5.2	33.4	22	2.45	36	67.33	2.13	100.8	19.48	61.43	14.91	4.22	58.56	11.52	30.93	12.57	3.54	42.23	7.96	30.49	2.34	0.68	46.2
103	-48.320.889	-22.148.917	2	1	8.3	33.1	16	2.84	34	73.33	2.73	66.39	17.78	33.71	11.21	2.7	37.18	9.65	16.11	9.29	2.13	29.21	8.12	17.61	1.91	0.57	29.03
104	-48.320.917	-22.148.944	2	1	12	33.1	15	2.56	37	65	2.27	90.81	20.33	51.15	14.88	3.88	48.07	10.36	22.39	12.17	3.15	42.73	9.97	28.76	2.7	0.74	40.03
105	-48.320.861	-22.148.833	2	1	6.5	30.5	16	3.6	39	75.67	2.27	107	24.03	60.12	15.42	4.79	47.46	14.11	16.89	12.89	3.57	59.54	9.92	43.22	2.53	1.22	19.75
106	-48.320.972	-22.148.833	2	1	8	43.6	20	2.9	38	66.33	2.33	82.85	17.27	44.89	14.8	3.51	50.91	10.02	24.92	12.8	3.16	31.94	7.25	19.97	2	0.35	48.63
107	-48.321.083	-22.148.722	2	1	7.4	30.8	14	2.91	30	69	1.97	88.3	18.5	49.96	14.95	4.32	54.1	11.08	27.08	12.45	3.49	34.21	7.42	22.88	2.5	0.83	31.27
108	-48.321.361	-22.148.639	2	1	11.8	32.1	17	2.61	45	69.67	2.13	107.51	23.43	57.08	20.16	4.68	64.2	13.35	30.42	16.81	3.61	43.32	10.08	26.66	3.35	1.06	37.37
109	-48.321.389	-22.148.583	2	1	5.5	38.5	17	2.5	40	74	2.23	116.07	30.26	62.35	18	4.02	63.46	15.78	30.08	14.91	2.69	52.61	14.48	32.27	3.09	1.34	36.1
110	-48.321.472	-22.148.639	2	1	8.3	32.4	14	2.46	38	80	1.97	68.48	20.34	32.28	11.81	2.61	42.18	12.61	17.85	9.79	1.93	26.3	7.73	14.43	2.02	0.69	31.77
111	-48.321.500	-22.148.750	2	1	8.8	42	22	3.9	37	66.67	2.27	87.56	23.04	46.09	14.47	3.68	48.37	12.35	20.83	12.13	3.06	39.19	10.69	25.26	2.34	0.62	40.7
112	-48.321.556	-22.148.722	2	1	11	30.2	20	2.97	40	77.67	2.6	98.92	25.5	48.1	17.63	4.81	51.44	13.57	19.4	14.55	3.92	47.48	11.93	28.7	3.08	0.89	33.4
113	-48.321.556	-22.148.722	2	1	7.9	32.4	17	3.19	35	73.67	2.13	76.79	17.38	36.84	16.18	5.99	45.4	9.61	17.26	13.61	4.92	31.39	7.77	19.58	2.56	1.07	41.17
114	-48.321.639	-22.148.667	2	1	11.8	27.3	21	2.57	37	69.67	1.97	78.08	21.71	39.03	12.05	2.78	46.21	13.04	20.47	10.19	2.52	31.87	8.68	18.56	1.86	0.27	31.6
115	-48.321.556	-22.148.583	2	1	8.3	28	16	2.78	37	76	2.57	85.43	20.34	41.31	18.11	3.48	53.84	12.79	22.39	15.53	3.13	31.6	7.55	18.91	2.59	0.35	38.93
116	-48.321.639	-22.148.556	2	1	7.3	28.6	19	2.88	35	74.67	1.8	99.48	26.49	50.54	16.96	3.69	60.34	16.42	26.99	14.03	2.89	39.14	10.06	23.55	2.93	0.8	27.93
117	-48.321.694	-22.148.611	2	1	7.4	38.1	23	2.8	33	65.67	2.43	71.95	18.01	31.19	16.12	4.52	41.89	9.97	14.79	13.55	3.58	30.06	8.05	16.41	2.57	0.93	36.23
118	-48.321.750	-22.148.556	2	1	5.9	28.9	22	2.8	36	62.33	2.33	72.82	21.05	28.12	17.71	4.89	47.17	12.14	16.29	14.67	4.07	25.65	8.91	11.83	3.04	0.82	41.8
119	-48.321.722	-22.148.500	2	1	5.9	26.1	24	2.51	37	69.33	1.8	70.59	19.08	35.4	14.94	6.65	44.53	11.35	17.82	11.37	3.99	26.05	7.73	17.58	3.58	2.66	39.35
120	-48.321.806	-22.148.500	2	1	8.9	34.6	21	2.4	41	60.67	2.03	82.81	15.85	45.51	17.08	3.69	49.4	10.56	21.03	14.64	3.17	33.42	5.3	24.49	2.44	0.52	38.5
121	-48.321.806	-22.148.472	2	1	2.8	33.1	21	3.1	40	71	2.33	77.56	16.38	40	15.93	4.26	46.67	9.68	20.18	13.39	3.41	30.89	6.7	19.82	2.54	0.85	32.23
122	-48.321.833	-22.148.556	2	1	10.7	31.1	22	2.73	35	67	2.27	79.9	22.7	36.51	13.8	4	44.23	12.6	18.98	10.35	2.29	35.67	10.09	17.53	3.45	1.71	33.17
123	-48.321.861	-22.148.556	2	1	13.8	34.6	17	2.71	33	61.67	2.3	67.6	15.78	34.05	12.39	4.44	41.25	10.22	17.11	10.33	3.59	26.35	5.56	16.95	2.06	0.85	32.97
124	-48.321.944	-22.148.528	2	1	10.8	27.3	18	2.99	38	93.67	2.67	99.02	20.6	51.81	19.86	5.7	61.94	11.9	28.7	16.73	4.61	37.09	8.7	23.11	3.12	1.09	34.15
125	-48.321.889	-22.148.722	2	1	3.5	49.6	25	2.6	37	76	2.33	74.21	22.2	35.37	12.93	3.24	40.14	11.53	15.42	10.75	2.45	34.07	10.67	19.96	2.18	0.79	42.3
126	-48.321.806	-22.148.722	2	1	6.3	29.9	25	3.6	39	70	2.4	64.95	15.4	31.66	13.22	4.66	41.74	9.57	17.21	11.24	3.73	23.21	5.83	14.45	1.98	0.93	45.53
127	-48.321.722	-22.148.750	2	1	6.7	22.9	25	2.36	39	71.33	1.57	88.51	24.26	42.78	15.95	3.57	49.16	13.11	19.91	13.24	2.9	39.35	11.15	22.87	2.71	0.67	38.6
128	-48.322.028	-22.148.917	2	1	9.5	34	26	2.81	35	73.33	2.37	58.67	13.59	29.64	12.45	3.33	34.69	7.36	14.55	10.04	2.74	23.99	6.23	15.09	2.41	0.59	40.53
129	-48.322.056	-22.148.944	2	1	8.4	33.4	22	2.91	32	79	1.83	89.41	21.65	43.93	18.53	3.5	52.56	10.42	23.59	15.75	2.79	36.85	11.23	20.34	2.78	0.71	53.8
130	-48.322.028	-22.148.972	2	1	8.8	30.2	17	2.53	38	60.67	2	96.02	22.72	46.17	20.41	4.97	57	12.45	23.62	16.94	4	39.02	10.27	22.55	3.47	0.98	45.73
131	-48.322.028	-22.148.944	2	1	9.7	29.9	20	2.86	34	79	2.1	75.61	17.62	39.13	13.95	3.68	47.62	10.92	21.51	11.93	3.26	27.99	6.7	17.61	2.02	0.42	38.4
132	-48.328.333	-22.158.333	3	1	4.8	35	26	2.75	31	60	2	60.86	15	27.87	12.45	3.48	34.22	7.31	13.49	10.51	2.91	26.64	7.69	14.38	1.94	0.57	NA
133	-48.328.333	-22.158.278	3	1	6.4	31.8	25	2.72	31	68	2	NA	NA	NA	NA	NA	NA	NA	NA	NA	NA	NA	NA	NA	NA	NA	NA
134	-48.328.417	-22.158.306	3	1	8	30.5	23	2.91	34	66.33	1.87	54.02	11.04	27.93	11.94	2.45	32.92	6.51	14.52	9.93	1.96	21.1	4.53	13.42	2.01	0.49	NA
135	-48.328.194	-22.158.056	3	1	7.8	33.1	28	2.52	30	78	2.23	NA	NA	NA	NA	NA	NA	NA	NA	NA	NA	NA	NA	NA	NA	NA	38.4
136	-48.328.111	-22.158.056	3	1	9.3	33.7	23	2.41	30	68	1.8	98.56	25.12	52.31	15.66	4.36	63.11	15.93	30.14	13.24	3.8	35.45	9.19	22.16	2.43	0.56	42.47
137	-48.328.056	-22.158.056	3	1	7.3	32.4	30	2.2	36	49.67	1.8	NA	NA	NA	NA	NA	NA	NA	NA	NA	NA	NA	NA	NA	NA	NA	NA
138	-48.327.944	-22.157.917	3	1	6.4	39.7	23	2.78	35	61.67	1.6	72.94	15.73	39.91	12.71	3.4	41.24	8.15	20.18	10.44	2.48	31.69	7.58	19.74	2.27	0.92	28.9
139	-48.328.028	-22.157.917	3	1	3.9	32.1	19	2.74	36	63.33	1.8	71.26	18.24	30.11	18.13	3.12	45.55	10.67	16.76	15.44	2.69	25.71	7.57	13.35	2.69	0.43	26.1
140	-48.328.222	-22.157.917	3	1	10	32.7	17	2.74	36	59.33	1.83	68.25	17.08	32.1	12.8	2.96	40.71	10.52	16.63	10.86	2.69	27.54	6.56	15.47	1.93	0.27	40.5
141	-48.328.222	-22.157.833	3	1	8.5	28.3	19	3.1	38	65.67	2.17	70.21	13.98	37.95	14.53	3.61	46.97	9.31	22.67	12.08	2.91	23.24	4.67	15.28	2.45	0.7	44.1
142	-48.328.167	-22.157.778	3	1	5.5	35	24	2.49	39	62	2	75.86	17.97	35.15	14.72	4.11	47.55	11.34	20.45	12.28	3.49	28.31	6.63	14.71	2.44	0.61	35.5
143	-48.328.306	-22.157.722	3	1	7	38.1	20	2.51	33	66	2.1	54.35	14.33	24.66	10.8	3.04	33.54	8.28	13.71	9.11	2.45	20.81	6.05	10.95	1.69	0.6	36.57
144	-48.328.278	-22.157.667	3	1	5.2	32.4	20	2.77	29	66.33	1.67	56.53	15.73	24.17	11.09	2.76	35.97	9.62	14.27	9.79	2.29	20.56	6.11	9.91	1.3	0.47	NA
145	-48.328.194	-22.157.639	3	1	10.1	31.1	24	2.98	33	70.67	2.27	68.15	15.56	38.43	11.03	2.03	40.22	8.85	20.27	9.35	1.75	27.93	6.71	18.16	1.68	0.28	41.17
146	-48.328.250	-22.157.528	3	1	8.7	31.8	23	2.95	30	67.33	1.8	72.7	14.7	40.5	13.98	2.92	41.99	8.27	23.72	8.76	1.24	30.71	6.43	16.79	5.22	1.67	35.73
147	-48.328.250	-22.157.528	3	1	6.3	32.1	19	2.52	34	57.67	1.73	68.23	13.04	36.96	14.53	2.94	40.89	7.52	19.59	12.16	2.44	27.33	5.51	17.38	2.37	0.5	34
148	-48.328.139	-22.156.750	3	1	7.2	28.6	20	2.71	32	60.67	1.87	84.24	26.06	37.5	15.51	3	51.79	15.82	20.69	12.91	2.36	32.46	10.24	16.81	2.6	0.64	51.07
149	-48.328.083	-22.157.222	3	1	9.2	28.3	22	2.8	34	76.33	1.73	52.17	15.43	23.13	10.41	2.41	33.23	9.49	12.86	8.81	2.06	18.95	5.94	10.27	1.6	0.35	NA
150	-48.327.889	-22.157.278	3	1	6.6	29.2	21	2.78	34	71.67	1.67	89.18	17.22	47.31	16.04	3.88	52.01	10.5	24.72	13.6	3.18	37.17	6.72	22.58	2.45	0.69	NA
151	-48.327.361	-22.156.528	3	1	8.7	26.7	22	2.53	28	71	2.6	74.86	16.68	38.09	14.06	4.07	47.26	9.53	22.46	11.83	3.44	27.6	7.15	15.64	2.23	0.63	40.33
152	-48.327.250	-22.156.556	3	1	11	33.1	30	3.05	31	89	2.03	87.01	23.99	47.2	11.71	2.98	56.07	15.8	27.62	10.02	2.64	30.94	8.2	19.58	1.69	0.34	51.5
153	-48.327.194	-22.156.528	3	1	7.5	31.8	20	2.62	31	56.33	1.93	66.35	14.98	35.11	12.13	2.87	44.01	9.68	20.78	10.92	2.63	22.34	5.3	14.33	1.21	0.24	37.43
154	-48.327.028	-22.156.444	3	1	6.1	33.4	23	2.82	34	67.67	1.53	73.05	13.91	41.16	14.76	3.41	45.8	8.22	22.17	12.58	2.84	27.25	5.7	18.99	2.19	0.57	32.8
155	-48.327.222	-22.156.167	3	1	8.3	30.2	16	2.74	41	61.67	1.57	54.35	13.82	26.99	10.32	2.88	34.56	8.41	15.22	8.68	2.25	19.79	5.41	11.76	1.64	0.63	35.87
156	-48.327.333	-22.156.000	3	1	7	35	17	2.89	38	65.67	1.67	60.24	13.94	31.35	13.79	4.93	36.14	7.46	15.4	10.41	2.87	24.1	6.48	15.96	3.39	2.06	41.9
157	-48.327.333	-22.156.000	3	1	5.5	33.7	15	2.36	37	68	1.63	67.91	13.7	37.67	11.84	3.99	32.43	7.13	17.69	4.4	3.21	35.48	6.57	19.99	7.44	0.78	43.3
158	-48.327.417	-22.155.944	3	1	11.6	30.25	19	2.98	35	68.33	2.07	64.68	15.18	32.64	11.46	2.26	38.72	9.23	18.43	9.47	1.59	25.95	5.94	14.21	1.99	0.67	NA
159	-48.327.389	-22.155.806	3	1	4.7	30.2	16	2.6	32	75.33	1.73	55.76	16.45	26.89	10.23	4.96	35.3	9.28	15.46	8.2	2.36	20.46	7.17	11.43	2.03	2.6	46.37
160	-48.327.306	-22.155.833	3	1	7.6	28.6	14	2.3	42	54.33	1.9	61.86	16.17	29.25	12.2	3.25	37.82	9.09	15.95	10.12	2.66	24.04	7.08	13.3	2.08	0.59	48.4
161	-48.327.250	-22.155.778	3	1	10.5	28.3	15	2.73	35	70	1.9	66.64	15.68	36.97	10.72	2.29	42.27	10.11	20.61	9.34	2.2	24.37	5.56	16.36	1.37	0.14	28.97
162	-48.327.111	-22.155.778	3	1	9.2	23.2	22	2.75	34	68	1.67	77.75	16.25	45.88	10.85	2.64	46.55	9.96	25.25	9.19	2.15	31.2	6.29	20.63	1.67	0.48	35.27
163	-48.327.056	-22.155.972	3	1	10	32.4	22	2.84	30	83.67	1.83	86.73	19.67	43.29	16.46	4.59	52.6	11.71	23.4	13.74	3.75	34.12	7.95	19.89	2.72	0.84	49.2
164	-48.327.083	-22.156.000	3	1	9.8	32.8	21	2.8	29	78.33	2.27	86.73	17.72	49.98	17.58	5.17	55.25	9.42	29.12	13.59	3.12	31.49	8.3	20.86	3.99	2.06	49.93
165	-48.326.806	-22.155.917	3	1	12	33.1	24	2.93	35	79.33	2.13	89.27	21.52	48.1	14.53	3.59	55.83	13.73	26.92	12.14	3.04	33.44	7.79	21.17	2.39	0.55	30.43
166	-48.326.778	-22.155.889	3	1	9.1	32.1	18	2.9	30	70.67	1.93	69.05	15.51	33.34	14.6	4.5	44.59	9.86	18.51	12.48	3.74	24.46	5.64	14.83	2.11	0.76	NA
167	-48.327.194	-22.155.028	3	1	8.1	30.2	20	2.42	36	73.67	1.87	78.2	13.49	43.51	14.89	3.47	45.58	8.65	24.46	10.86	1.6	32.62	4.84	19.04	4.03	1.87	38.67
168	-48.326.694	-22.155.000	3	1	6.3	30.8	18	2.58	35	70.67	1.8	95.88	18.09	50.19	20.98	4.91	51.11	9.34	23.26	14.83	3.68	44.76	8.75	26.93	6.15	1.23	31.6
169	-48.326.694	-22.155.028	3	1	8.7	26.4	16	2.39	39	63.67	1.93	82.78	19.63	41.02	16.44	3.97	47.76	11.69	19.46	13.49	3.12	35.02	7.94	21.56	2.95	0.85	40
170	-48.326.778	-22.154.972	3	1	9.9	24	11	2.12	45	55	1.7	68.04	14.74	34.98	13.72	3.3	40.09	9.71	15.88	11.66	2.84	27.95	5.03	19.11	2.06	0.46	28.93
171	-48.326.889	-22.154.861	3	1	9.2	25.5	18	2.91	32	68.33	1.83	83.52	15.79	49.16	13.51	2.94	46.13	8.79	23.16	11.62	2.55	37.39	7	26	1.89	0.38	40.4
172	-48.326.500	-22.154.417	3	1	9.1	30	16	3.1	37	69.67	1.97	NA	NA	NA	NA	NA	NA	NA	NA	NA	NA	NA	NA	NA	NA	NA	NA
173	-48.327.111	-22.154.250	3	1	6.3	27.7	20	2.68	42	65	2.07	76.62	20.78	41.51	10.91	2.41	38.73	10.89	16.44	9.22	2.18	37.89	9.89	25.07	1.7	0.23	33.5
174	-48.327.111	-22.154.250	3	1	8	28	17	2.74	36	78.33	1.87	76.27	20.23	38.21	13	3.68	43.47	11.63	18.12	10.69	3.04	32.8	8.6	20.1	2.31	0.65	34.1
175	-48.327.333	-22.153.972	3	1	7.7	32.5	19	2.81	31	75.67	1.73	86.71	17.67	49.56	14.45	3.02	42.21	8.56	22.57	10.1	0.99	44.49	9.12	26.99	4.35	2.04	29.43
176	-48.327.306	-22.154.083	3	1	9.5	28	18	2.94	38	55	2	NA	NA	NA	NA	NA	NA	NA	NA	NA	NA	NA	NA	NA	NA	NA	NA
177	-48.326.278	-22.154.861	3	1	9.1	25	14	2.6	32	63	1.9	91.29	22.5	46.65	17.19	3.76	54.09	12.38	24.59	14.16	2.96	37.2	10.12	22.06	3.03	0.8	35.43
178	-48.326.389	-22.155.056	3	1	11.2	31.3	17	3.02	36	74	2.03	78.12	16.59	38.99	15.05	4.16	43.52	8.96	18.45	12.73	3.39	34.59	7.63	20.54	2.32	0.77	37
179	-48.326.278	-22.155.083	3	1	7.4	28.5	13	2.54	37	67	2.13	96.05	25.02	53.57	11.97	3.44	42.55	11.29	18.8	9.84	2.63	53.49	13.74	34.77	2.13	0.81	32
180	-48.326.194	-22.155.361	3	1	10.5	33	22	2.74	37	67.67	2	61.16	13.87	29.65	13.93	3.53	42.35	9	18.61	11.94	2.8	18.81	4.87	11.04	1.99	0.72	44.3
181	-48.325.944	-22.155.417	3	1	7.6	27	17	2.54	39	76	2.1	NA	NA	NA	NA	NA	NA	NA	NA	NA	NA	NA	NA	NA	NA	NA	NA
182	-48.325.833	-22.155.500	3	1	8.6	28	17	2.65	26	78.33	1.97	66.25	13.12	35.32	13.56	2.94	37.42	7.59	16.5	11.18	2.15	28.83	5.53	18.82	2.38	0.79	33.4
183	-48.325.861	-22.155.556	3	1	9.2	29.3	16	2.65	31	66.33	1.8	NA	NA	NA	NA	NA	NA	NA	NA	NA	NA	NA	NA	NA	NA	NA	33.57
184	-48.326.222	-22.155.472	3	1	8.3	24.5	16	2.51	34	67.67	1.83	78.42	18.88	39.82	14.52	3.88	49.87	11.66	22.62	12.38	3.21	28.55	7.22	17.2	2.13	0.67	31.6
185	-48.321.500	-22.157.389	4	1	7.8	23.5	18	3.1	33	66.33	1.83	89.77	17.78	51.8	16.81	5.11	58.42	10.9	29.47	13.98	4.08	31.35	6.89	22.34	2.82	1.03	28.57
186	-48.321.417	-22.157.583	4	1	8.5	27.3	15	2.7	35	72.67	1.7	79.56	19.38	42.03	13.39	3.41	44.62	10.43	19.81	11.34	3.04	34.94	8.95	22.22	2.05	0.37	38.3
187	-48.321.639	-22.157.694	4	1	8.6	19	18	3.1	33	71.33	1.9	72.35	12.27	41.33	13.4	3.85	41.4	6.62	20.9	11.01	2.87	30.95	5.65	20.43	2.39	0.98	40.3
188	-48.321.694	-22.157.194	4	1	7.9	30.5	19	2.5	34	60.33	1.6	62.77	12.56	33.84	11.64	3.98	35.55	6.49	16.52	9.64	2.9	27.22	6.07	17.33	1.99	1.07	32.63
189	-48.321.417	-22.157.056	4	1	6.7	28	23	2.51	36	71.67	1.9	72.58	17.65	33.79	16.55	4.35	40.74	8.65	14.47	13.93	3.69	31.84	9	19.32	2.61	0.66	NA
190	-48.321.417	-22.157.000	4	1	8.6	30.9	19	2.79	29	74	1.77	81.49	19.49	43.3	15.06	3.94	45.68	9.95	19.35	13.04	3.35	35.81	9.55	23.95	2.02	0.59	40.43
191	-48.321.500	-22.157.000	4	1	7.9	28.9	15	3.05	35	74.67	1.97	80.94	20.11	40.6	14.62	3.89	49.36	10.88	23.31	12.1	3.07	31.58	9.23	17.29	2.52	0.82	38.27
192	-48.321.972	-22.157.139	4	1	7.3	32	22	2.79	30	84.67	2	71.53	21.02	33.95	12.12	4.11	39.99	12.06	14.15	10.27	3.51	31.53	8.96	19.79	1.85	0.6	30.97
193	-48.322.167	-22.157.139	4	1	10	28	24	2.53	35	71	2.2	68.32	12.46	35.59	15	4.36	42.43	7.36	18.73	12.72	3.62	25.89	5.1	16.86	2.28	0.74	34.67
194	-48.322.361	-22.157.083	4	1	11.5	28.4	17	2.59	34	72.33	1.9	79.58	22.03	35.12	16.19	3.88	45.38	11.56	17.07	13.58	3.17	34.19	10.47	18.05	2.61	0.71	41.93
195	-48.322.861	-22.157.139	4	1	10.3	23.5	14	2.8	31	71.67	2.03	75.07	14.72	38.87	14.13	3.2	47.54	9.39	24.58	10.8	2.78	27.53	5.33	14.3	3.33	0.43	38.3
196	-48.323.194	-22.157.111	4	1	10.5	29.3	21	3.1	32	73.67	1.83	83.28	17.64	45.96	14.32	3.51	45.29	9.01	21.14	12.29	2.85	37.98	8.63	24.82	2.02	0.66	40.3
197	-48.323.222	-22.156.889	4	1	7.6	26.4	15	2.88	35	75.67	1.57	80.51	20.26	40.42	14.89	3.54	48.1	11.69	21.32	12.26	2.83	32.41	8.58	19.1	2.63	0.71	38.53
198	-48.323.139	-22.156.722	4	1	10	25.9	18	2.6	35	60	1.83	89.02	11.81	55.8	15.06	3.94	54.32	7.77	30.47	12.71	3.37	34.7	4.04	25.33	2.35	0.57	38.53
199	-48.323.500	-22.157.194	4	1	8.7	26.5	20	2.78	36	74	1.83	77.16	19.98	38.81	14.6	4.19	44.66	10.9	19.07	11.73	2.96	32.5	9.07	19.74	2.87	1.23	30.1
200	-48.323.556	-22.157.306	4	1	8.8	28.9	19	2.53	39	56	1.67	NA	NA	NA	NA	NA	NA	NA	NA	NA	NA	NA	NA	NA	NA	NA	NA
201	-48.323.361	-22.157.500	4	1	11.5	29.9	23	3.31	25	87	3.03	120.13	22.99	76.69	15.93	3.37	75.31	16.95	42.27	13.47	2.62	44.82	6.03	34.42	2.46	0.76	36.1
1	7548156	775409	1	2	8.9	30.3	14	2.68	36	73.67	2.63	49.44	12.8	16	15.69	2.55	34.85	9.37	9.59	13.95	1.95	14.59	3.44	6.4	1.75	0.6	NA
2	7548157	775430	1	2	10.1	27.7	13	2.53	25	69.67	1.5	50.72	11.17	20.53	13.87	3.07	34.01	7.48	12.07	11.87	2.59	16.72	3.69	8.46	2	0.48	44.43
3	7548175	775405	1	2	9.3	30.6	12	2.74	36	73	2.17	62.98	14.74	31.67	11.17	2.75	31.43	8.17	12.16	8.87	2.23	31.55	6.57	19.51	2.29	0.52	17.47
4	7548181	775413	1	2	10	28.7	9	2.56	44	63	2.07	NA	NA	NA	NA	NA	NA	NA	NA	NA	NA	NA	NA	NA	NA	NA	NA
5	7548188	775413	1	2	8.3	28.7	10	2.79	32	65	2.47	NA	NA	NA	NA	NA	NA	NA	NA	NA	NA	NA	NA	NA	NA	NA	NA
6	7548188	775414	1	2	8.5	26.8	7	2.55	31	67.67	2.37	NA	NA	NA	NA	NA	NA	NA	NA	NA	NA	NA	NA	NA	NA	NA	NA
7	7548191	775417	1	2	9.5	26.4	11	2.56	37	74	1.7	84.27	16.35	39.12	21.63	4.95	51.99	9.98	19.22	18.71	4.08	32.28	6.37	19.9	2.92	0.87	43.93
8	7548191	775398	1	2	6.8	28.3	14	2.2	29	53.33	2.37	NA	NA	NA	NA	NA	NA	NA	NA	NA	NA	NA	NA	NA	NA	NA	NA
9	7548191	775398	1	2	12.2	30.6	15	2.54	37	61.67	2.17	NA	NA	NA	NA	NA	NA	NA	NA	NA	NA	NA	NA	NA	NA	NA	NA
10	7548189	775391	1	2	NA	NA	NA	NA	NA	NA	NA	76.32	14.48	35.57	17.59	5.91	37.41	6.7	11.78	14.03	4.9	38.91	7.79	23.79	3.57	1.01	25.8
11	7548188	775387	1	2	9.7	29.9	22	2.99	34	64	2	56.08	9.95	21.96	13.05	2.98	33.66	7.23	12.13	11.83	2.47	22.42	2.72	9.83	1.22	0.51	39.73
12	7548192	775390	1	2	10.3	24.5	18	2.4	38	38.73	2.03	69.55	14.85	32.95	15.67	4.12	38.47	8.14	13.88	13.01	3.43	31.08	6.71	19.07	2.66	0.69	35.2
13	7548197	775393	1	2	8.3	28.3	13	2.69	37	67.67	2.27	71.89	14.91	30.3	14.38	3.37	37.01	9.62	11.42	13.12	2.85	34.88	5.29	18.88	1.26	0.52	25.23
14	7548198	775390	1	2	8.1	34.7	15	3.14	40	73	1.83	51.59	12.09	23.24	14.61	2.51	31.72	7.56	9.61	12.5	2.05	19.86	4.53	13.63	2.11	0.46	32.87
15	7548203	775388	1	2	9.6	27.1	14	2.68	36	66.33	2.17	69.76	11.62	35.65	16.31	4.39	40.7	7.26	16.2	13.67	3.56	29.06	4.36	19.45	2.64	0.83	39.17
16	7548207	775397	1	2	NA	NA	NA	NA	NA	NA	NA	NA	NA	NA	NA	NA	NA	NA	NA	NA	NA	NA	NA	NA	NA	NA	NA
17	7548213	775412	1	2	13.6	30.9	12	2.89	35	64	1.53	96.26	19.2	49.55	19.57	5.05	54.47	9.87	24.29	16.03	4.28	41.79	9.33	25.26	3.54	0.78	41.83
18	7548218	775407	1	2	8.3	30.9	21	2.7	33	74	1.6	76.72	13.71	39.9	14.83	3.56	45.71	7.84	21.51	13.36	3	31.01	5.87	18.39	1.47	0.56	48.6
19	7548223	775403	1	2	7.4	27.7	20	2.54	30	58	2.27	NA	NA	NA	NA	NA	NA	NA	NA	NA	NA	NA	NA	NA	NA	NA	NA
20	7548224	775394	1	2	9.8	27.4	27	2.29	40	52.67	2.63	115.41	25.98	56.75	19.6	4.39	62.67	16.91	25.11	16.95	3.69	52.74	9.07	31.64	2.65	0.7	34.9
21	7548260	775405	1	2	10	30.9	11	2.57	30	68.33	2.43	72.46	16.29	32.64	12.84	3.07	43.16	10.62	18.3	11.67	2.57	29.3	5.66	14.34	1.17	0.5	38.27
22	7548225	775412	1	2	8.6	30.6	24	3.12	35	78.67	2.16	NA	NA	NA	NA	NA	NA	NA	NA	NA	NA	NA	NA	NA	NA	NA	NA
23	7548274	775423	1	2	8.2	29.9	13	3.13	40	67.33	2.33	60.63	10.97	31.95	10.52	3.11	39.1	7.78	19.2	9.43	2.69	21.53	3.2	12.75	1.08	0.42	48.43
24	7548285	775430	1	2	NA	NA	NA	NA	NA	NA	NA	NA	NA	NA	NA	NA	NA	NA	NA	NA	NA	NA	NA	NA	NA	NA	NA
25	7548264	775438	1	2	9.5	28.7	9	2.35	35	61	2.03	70.32	15.63	32.86	15.12	4.07	40.22	9.31	14.97	12.82	3.12	30.1	6.32	17.89	2.3	0.95	29.03
26	7548273	775469	1	2	7.5	28.7	30	2.85	38	77.33	2.2	79.54	20.24	34.77	15.32	3.01	48.18	12.78	19.35	13.46	2.59	31.36	7.45	15.42	1.86	0.43	33.97
27	7548293	775451	1	2	5.6	30.6	24	2.68	41	67.67	2.2	80.23	18.3	43.54	11.98	2.28	42.46	11.8	18.51	10.51	1.64	37.76	6.5	25.03	1.47	0.63	34.37
28	7548280	775421	1	2	9.8	25.2	17	2.85	38	77.33	2.2	54.79	11.92	25.67	11.91	2.66	32.87	7.22	13.17	10.33	2.15	21.92	4.69	12.5	1.58	0.5	27.57
29	7548284	775440	1	2	7.2	31.2	25	2.85	30	66	2.6	68.55	15.49	33.41	14.88	3.04	44.22	9.78	19.13	12.8	2.52	24.33	5.71	14.27	2.08	0.52	33.57
30	7548306	775505	1	2	9.4	31.8	28	2.85	30	78.33	2.43	88.62	17.52	49.22	15.5	3.96	52.8	10.84	25.4	13.29	3.28	35.82	6.68	23.82	2.21	0.67	35.77
31	7548329	775509	1	2	9.4	25.5	20	2.33	31	53	1.8	54.95	11.29	24.7	12.48	2.94	34.58	7.49	13.69	10.85	2.55	20.38	3.8	11	1.63	0.4	27.43
32	7548333	775492	1	2	7.1	23.6	12	2.67	44	52	2.2	98.91	14.59	60.94	15.92	4.97	54.92	8.89	28.59	13.44	4	44	5.7	32.35	2.49	0.97	20.93
33	7548311	775467	1	2	8.7	23.2	16	2.01	27	70.33	2.03	39.9	8.13	18.92	9.7	2.05	25.01	4.86	9.78	8.61	1.77	14.89	3.27	9.14	1.09	0.28	21.63
34	7548308	775461	1	2	8.6	29.9	19	2.37	32	67.67	1.57	63.89	15.78	25.06	16.63	5.08	42.13	9.78	13.98	13.92	4.45	21.77	6.01	11.08	2.71	0.63	40.5
35	7548320	775450	1	2	6.2	29.9	19	1.92	36	58	1.7	54.89	10.87	26.85	12.35	2.81	32.58	5.74	13.99	10.45	2.4	22.31	5.13	12.86	1.9	0.4	36.77
36	7548315	775451	1	2	7.2	26.4	28	2.56	28	59.33	2.2	54.56	10.97	23.68	13.9	3.53	30.77	5.94	10.3	11.78	2.75	23.79	5.03	13.38	2.12	0.78	31.2
37	7548305	775444	1	2	9	29	33	2.36	34	58.67	2.1	76.59	13.67	44.91	14.36	2.18	44.49	7.65	22.48	12.4	1.95	32.11	6.02	22.42	1.96	0.23	33.57
38	7548300	775447	1	2	5.9	30.9	24	2.34	46	54.33	2.13	70.09	13.66	38.37	12.16	2.83	37.03	7.72	19.38	7.62	2.3	33.06	5.94	18.99	4.54	0.53	53.5
39	7548302	775459	1	2	8.6	30.9	25	2.39	38	57.67	2.07	77.38	15.07	40.85	15.78	3.13	46.04	8.68	21.05	13.62	2.7	31.34	6.39	19.8	2.16	0.43	33.23
40	7548296	775459	1	2	7.4	29.3	23	2.49	36	46.5	1.93	60.51	11.05	29.65	13.56	2.63	36.72	6.57	16.06	11.87	2.22	23.79	4.48	13.6	1.69	0.4	37.03
41	7548298	775415	1	2	5.1	36.9	30	2.43	44	58.67	1.77	80.92	16.64	38.33	16.64	5.24	53.44	11.28	22.75	14.93	4.48	27.47	5.36	15.58	1.71	0.75	31.33
42	7548306	775403	1	2	9.5	33.4	31	2.7	36	76.33	2.43	111.29	21.31	50.82	27.49	6.17	71.64	13.24	29.57	23.68	5.15	39.65	8.07	21.24	3.81	1.02	41.1
43	7548360	775369	1	2	6.7	35	40	2.78	22	61.33	2.2	79.86	17.09	40.16	13.46	3.9	51	11.86	23.38	12.34	3.42	28.86	5.23	16.78	1.12	0.48	60.8
44	7548325	775375	1	2	11.6	29.6	30	2.46	44	52.33	1.73	65.9	12.92	31.42	14.97	4.22	41.4	7.83	17.24	12.69	3.65	24.5	5.1	14.18	2.28	0.57	57.03
45	7548325	775374	1	2	4.7	31.2	32	2.38	37	56.33	2.3	48.3	11.73	19.17	12.65	2.61	30.68	7.05	10.91	10.51	2.22	17.62	4.68	8.26	2.15	0.39	53.47
46	7548324	775373	1	2	7.9	32.8	20	2.7	35	72	1.97	75.68	15.52	39.64	14.55	3.62	47.57	10.48	22.51	11.5	3.08	28.11	5.04	17.13	3.06	0.53	38.37
47	7548324	775363	1	2	10.9	22.6	35	1.9	41	44	1.7	82.86	16.42	43.82	12.86	4.29	50.24	10.52	24.1	11.98	3.65	32.61	5.9	19.72	0.88	0.64	40.1
48	7548327	775367	1	2	6.2	23.5	20	2.39	38	52.67	1.53	57.66	9.4	24.08	15.14	4.66	35.79	6.68	12.06	13.34	3.71	21.87	2.72	12.01	1.8	0.95	42.6
49	7548322	775360	1	2	9.4	23.6	28	2.47	41	53.33	2.17	101.16	21.22	54.42	17.28	5.14	66.62	14.44	32.62	15.28	4.29	34.53	6.78	21.8	2	0.85	36.57
50	7548330	775348	1	2	8.5	30.9	32	2.74	36	58.33	1.97	96.65	38.37	49.36	19.33	4.38	51.94	9.72	21.64	17	3.57	44.71	28.64	27.72	2.32	0.81	39
51	7548343	775355	1	2	6.6	33.8	38	2.7	31	67.33	2.03	93.07	17.15	53.41	14.97	4.56	49.24	10.33	21.96	13.19	3.76	43.83	6.82	31.45	1.78	0.8	33.5
52	7548346	775340	1	2	8.2	30.9	32	2.93	31	63	1.8	48.16	9.28	22.74	10.64	2.69	29.3	5.89	11.58	9.56	2.27	18.87	3.39	11.16	1.08	0.42	51.23
53	7548343	775333	1	2	10.2	25.8	30	2.98	37	57	1.9	61.24	12.12	27.56	14.81	4.32	38.74	8.33	13.71	13.26	3.44	22.5	3.79	13.85	1.54	0.88	33.03
54	7548340	775339	1	2	13	29.9	30	2.64	31	70.67	2.2	113.34	22.56	54.62	20.27	4.61	62.9	13.72	26.9	18.28	4	50.44	8.84	27.72	1.99	0.6	37.4
55	7548332	775340	1	2	7.8	31.5	27	1.93	39	47	1.93	64.31	13.61	31.46	12.18	3.4	42.66	9.67	18.81	11.26	2.92	21.64	3.94	12.65	0.91	0.48	50.13
56	7548340	775327	1	2	5.2	30.6	31	2.39	39	59.67	2.1	71.3	15.63	35.22	15.9	2.75	41.38	9.04	16.75	13.29	2.3	29.91	6.59	18.48	2.61	0.44	22.6
57	7548334	775322	1	2	10.1	36.9	36	2.66	32	68	2.13	90	20.11	45.77	17.71	4.47	52.14	10.92	22.55	14.9	3.77	37.86	9.19	23.22	2.81	0.71	32.23
58	7548351	775303	1	2	10.1	36.9	36	2.8	37	61.33	2.57	79.08	13.99	40.6	15.55	4.47	51.13	9.87	23.39	14.06	3.81	27.95	4.12	17.21	1.49	0.67	31.73
59	7548368	775308	1	2	6.1	23.6	23	2.14	38	51	1.43	54.16	11.73	22.35	15.66	3.81	32.21	6.52	9.53	12.87	3.29	21.95	5.21	12.81	2.79	0.52	31.87
60	7548357	775293	1	2	9.7	30.9	22	2.29	32	54.33	2.1	84.05	17.49	45.84	14.99	3.1	44.72	9.27	20.44	12.52	2.49	39.33	8.22	25.4	2.47	0.61	30.73
61	7548351	775283	1	2	6.2	29.3	24	2.66	34	61.33	1.5	57.03	12.14	24.21	14.4	3.48	35.13	7.68	11.83	12.68	2.94	21.9	4.45	12.38	1.73	0.54	31.37
62	7548291	775319	1	2	6.9	25.2	25	2.6	34	68.33	2.33	92.09	23.09	46.07	15.11	4.27	51.08	12.7	22.59	12.43	3.36	41.01	10.4	23.48	2.68	0.91	36.73
63	7548282	775329	1	2	5.1	27.7	24	2.43	32	66.33	1.8	75.76	19.68	39.83	12.74	2.69	47.04	12.02	22.17	10.68	2.17	28.73	7.66	17.66	2.07	0.52	32.47
64	7548268	775339	1	2	10.2	30.6	35	2.92	30	65.67	2.17	79.9	18.82	40.73	14.27	3.79	52.68	12.79	24.14	12.62	3.13	27.22	6.03	16.59	1.65	0.66	46.27
65	7548266	775347	1	2	6.1	27.1	24	2.74	38	57.33	1.27	54.82	12.8	24.09	11.79	4.03	32.94	7.46	12.42	9.74	3.32	21.88	5.34	11.67	2.05	0.71	32.9
66	7548260	775349	1	2	9.3	29	32	2.75	39	68.67	2.67	74.52	18.71	33.24	17.38	4.54	45.23	9.87	16.63	14.92	3.8	29.29	8.84	16.61	2.46	0.73	51.77
67	7548255	775339	1	2	4.8	37.9	22	2.29	44	56	1.83	68.49	13.29	36.72	13.4	3.45	34.38	6.99	13.74	10.87	2.78	34.11	6.3	22.98	2.53	0.67	32.13
68	7548251	775344	1	2	8.7	29.3	28	2.4	34	73.33	1.97	104.13	26.67	56.06	19.06	4.78	64.39	14.94	32.23	14.62	2.59	39.74	11.72	23.83	4.44	2.19	37.17
69	7548281	775363	1	2	9.2	27.7	30	2.42	31	66	2.2	80.64	17.27	39.2	15.06	3.6	43.82	9.02	18.4	13.33	3.08	36.82	8.25	20.8	1.73	0.53	38.37
70	7548286	775368	1	2	8.7	29.9	25	2.63	39	61.33	2.67	71.88	18.39	33.49	13.94	3.75	39.75	9.17	16.03	11.3	3.25	32.12	9.21	17.47	2.64	0.5	36.47
71	7548295	775377	1	2	9.5	31.8	19	2.57	40	62.33	1.93	69.85	16.42	34.73	14.39	3.06	41.16	9.05	18.17	11.54	2.4	28.69	7.37	16.56	2.85	0.66	43.83
72	7548284	775379	1	2	9.2	31.8	38	2.98	36	71	1.83	66.04	16.03	30.77	13.26	3	42.56	10.57	17.84	11.55	2.59	23.49	5.46	12.93	1.71	0.41	29.4
73	7548281	775380	1	2	9	32.2	18	2.1	38	58.67	2.17	56.91	12.64	25.9	13.38	3.99	36.89	7.8	14.13	11.56	3.4	20.02	4.84	11.77	1.82	0.59	48.27
74	7548277	775370	1	2	6.9	26.4	34	2.3	36	64.33	2.1	94.93	21.2	54.32	14.21	3.19	50.33	11.46	24.15	12.05	2.68	44.6	9.74	30.18	2.16	0.51	27.2
75	7548274	775365	1	2	6.8	32.8	26	2.78	34	63.17	1.87	79.93	13.45	46.48	12.06	3.23	49.89	9.63	26.3	11.1	2.86	30.04	3.82	20.17	0.96	0.37	26.13
76	7548272	775365	1	2	6.7	25.8	30	2.43	37	59.67	2.13	75.39	14.23	41.2	13.55	3.07	43.36	8.01	20.54	12.16	2.65	32.03	6.22	20.66	1.39	0.42	21.7
77	7548271	775382	1	2	5.6	34.4	30	2.78	33	67.33	1.9	119.69	25.6	57.53	22.92	4.87	75.44	16.38	34.52	20.36	4.17	44.26	9.22	23.01	2.56	0.7	35.17
78	7548266	775367	1	2	6.9	31.5	15	2.13	34	51	1.67	83.53	14.2	45.3	14.92	3.86	40.55	6.8	17.95	12.48	3.32	42.98	7.4	27.36	2.44	0.55	43.6
79	7548274	775394	1	2	8.8	27.7	32	2.63	34	68.33	2.47	55.9	12.78	24.42	13.37	3.32	33.95	7.61	12.06	11.52	2.76	21.95	5.18	12.36	1.85	0.56	39.07
80	7548271	775402	1	2	9.5	26.1	28	2.78	32	78	2.4	86.5	16.45	45.68	17.05	4.81	47.17	7.08	21.86	14.16	4.07	39.33	9.37	23.82	2.89	0.74	42.23
81	7548264	775373	1	2	9.1	29	26	2.3	38	60.33	2.03	62.04	12.83	31.53	11.89	2.95	35.57	7.03	15.5	10.5	2.53	26.47	5.8	16.03	1.39	0.41	35.57
82	7548261	775368	1	2	6.9	29.6	27	2.67	26	61.67	1.57	57.45	10.76	32.19	10.92	3.13	36.66	6.34	18.23	9.37	2.72	20.79	4.42	13.95	1.54	0.41	37.73
83	7548261	775368	1	2	6.3	27.4	13	2.83	28	66.67	1.9	61.01	10.91	33.22	11.26	3.11	35.36	6.01	16.88	9.89	2.58	25.65	4.89	16.34	1.38	0.54	34.13
84	7548259	775370	1	2	7.1	30.6	25	2.65	30	71.33	1.77	61.13	14.11	28.2	13.3	2.92	37.41	8.09	16.06	10.85	2.4	23.72	6.02	12.14	2.45	0.51	40.03
85	7548258	775380	1	2	9.2	29	20	2.93	31	64.67	1.57	63.23	16.96	28.72	13.35	2.36	36.85	9.68	13.98	11.18	2.02	26.38	7.29	14.74	2.17	0.33	29.33
86	7548239	775357	1	2	5	24.8	27	1.96	37	60.33	1.6	40.72	9.73	17.35	9.82	2.59	29.75	7.24	11.78	8.45	2.27	10.97	2.49	5.57	1.37	0.32	27.97
87	7548236	775351	1	2	6.5	26.8	30	1.99	30	56	2.3	97.86	22.41	48.15	20.63	4.74	55.49	12.68	22.46	16.56	3.79	42.36	9.73	25.69	4.07	0.96	30.13
88	7548234	775378	1	2	7.7	31.8	25	3.15	27	86.33	2.07	59.24	14.47	28.61	9.46	3.66	34.59	8.96	14.49	8.09	3.05	24.65	5.51	14.11	1.37	0.61	39.87
89	7548220	775362	1	2	7.5	33.8	26	2.85	34	64.33	2.2	59.28	8.89	29.3	13.25	5.1	36.07	6.21	13.78	11.74	4.34	23.2	2.68	15.53	1.52	0.75	27.25
90	7548209	775378	1	2	11.7	28	24	2.65	42	59	2.03	NA	NA	NA	NA	NA	NA	NA	NA	NA	NA	NA	NA	NA	NA	NA	NA
91	7548203	775374	1	2	10.2	32.8	27	2.87	39	66.33	2.1	65.6	16.46	29.36	14.44	2.89	34.61	8.6	11.76	11.92	2.33	30.99	7.86	17.6	2.52	0.56	20.67
92	7548194	775375	1	2	7	30.9	14	2.9	35	66	2.13	65.21	13.65	28.68	15.5	3.44	39.44	9.67	13.49	13.63	2.65	25.77	3.98	15.2	1.86	0.79	30.63
93	7548195	775377	1	2	6.2	28.7	10	2.39	38	56.33	1.57	77.49	17.18	38.05	16.21	3.6	42.25	8.92	16.7	13.58	3.05	35.24	8.26	21.35	2.63	0.55	31.5
94	7548185	775386	1	2	8.7	36.6	30	2.92	37	61.33	2.5	74.51	17.94	34.87	13.39	3.02	41.13	10.74	16.08	11.79	2.53	33.38	7.2	18.8	1.6	0.49	35.83
95	7548163	775380	1	2	7.8	28.3	11	2.85	35	59.33	2.27	60.92	14.2	26.11	13.59	2.45	34.77	8.35	11.98	12.4	2.05	26.15	5.85	14.13	1.19	0.4	21.45
96	7548159	775387	1	2	8.9	31.8	6	2.95	33	80.33	2.4	72.91	15.42	36.6	14.97	2.91	42.88	9.82	17.6	13.12	2.33	30.03	5.6	18.99	1.85	0.58	NA
97	7548259	775299	1	2	9.8	25.8	26	2.44	41	59	2.77	76.45	17.7	38.53	12.99	2.64	45.93	10.9	21.15	11.6	2.27	30.53	6.8	17.38	1.39	0.37	43.47
98	7548267	775285	1	2	10.1	33.1	28	2.44	32	65	2.43	96.08	18.3	51.47	18.23	6.06	54	9.56	24.07	15.22	5.16	42.08	8.74	27.4	3.01	0.9	40.4
99	7548287	775280	1	2	8.4	39.5	40	2.64	25	65.33	2.5	93.19	17.75	54.05	16.82	3.03	55.63	10.68	27.93	14.42	2.6	37.56	7.06	26.12	2.4	0.43	27.13
100	7548286	775287	1	2	11.5	22.9	22	2.27	41	43.67	1.63	70.84	14.13	36.8	13.46	3.45	42.42	8.1	19.37	11.87	3.08	28.42	6.04	17.43	1.59	0.37	36.23
101	-48.320.861	-22.149.139	2	2	7.2	37.3	36	2.64	34	73	1.83	88.05	15.81	48.23	16.99	4.03	56.56	10.73	27.27	15.08	3.48	31.49	5.08	20.96	1.91	0.55	29.87
102	-48.320.889	-22.148.944	2	2	5.6	33.1	34	2.04	36	68.33	2.6	93.31	17.48	53.31	15.78	3.74	51.68	9.37	26.18	13.02	3.11	41.63	8.1	27.13	2.76	0.63	40.93
103	-48.320.889	-22.148.917	2	2	14.4	32.5	27	2.7	35	73.33	2.2	65.36	18.92	31.16	11.58	2.67	36.28	10.25	13.81	9.97	2.24	29.08	8.67	17.35	1.6	0.43	24.97
104	-48.320.917	-22.148.944	2	2	15.7	32.5	26	2.45	36	55.83	2.2	70.91	17.68	34	17.73	5.07	41.1	9.33	15.57	13.31	2.89	29.82	8.35	18.43	4.42	2.18	40.67
105	-48.320.861	-22.148.833	2	2	7.2	30.6	29	2.09	26	82	2.77	112.08	25.46	65.1	17.7	7.03	56.33	14.88	23.36	14.14	3.94	55.75	10.58	41.73	3.56	3.09	24.53
106	-48.320.972	-22.148.833	2	2	8.7	43	36	3.08	37	67	1.83	83.98	19.6	43.29	16	3.78	50.24	10.62	23.21	13.5	2.9	33.74	8.99	20.07	2.5	0.88	41.8
107	-48.321.083	-22.148.722	2	2	7.6	28.7	24	2.68	30	63.67	2.33	106.9	19.87	61.67	18.71	5.01	62.24	11.06	31.23	15.8	4.15	44.66	8.81	30.44	2.91	0.86	30.6
108	-48.321.361	-22.148.639	2	2	12.2	30.3	30	2.15	41	64.67	1.47	101.65	21.81	48.32	21.52	4.54	49.77	10.76	20.07	16.89	2.05	51.88	11.05	28.25	4.63	2.48	29.63
109	-48.321.389	-22.148.583	2	2	5.8	36	19	2.32	39	70.33	2.1	98.98	23.65	50.29	18.78	3.93	52.44	12.92	21.37	15.51	2.63	46.54	10.73	28.92	3.27	1.3	31.9
110	-48.321.472	-22.148.639	2	2	8.5	31.8	18	2.35	44	62	1.77	67.16	19.57	29.99	13.63	2.59	44.84	13.3	17.96	11.51	2.07	22.32	6.27	12.02	2.12	0.51	34.3
111	-48.321.500	-22.148.750	2	2	9	33.1	27	2.7	40	70.33	2.3	70.01	16.1	32.99	13.92	3.69	36.7	8.67	12.24	12.52	3.26	33.3	7.43	20.74	1.39	0.42	33.37
112	-48.321.556	-22.148.722	2	2	11.6	28.7	38	2.6	37	79.67	2.23	93.82	21.92	40.44	19.27	4.01	53.36	12.89	20.35	16.64	3.48	40.46	9.03	20.09	2.63	0.53	35.53
113	-48.321.556	-22.148.722	2	2	8.1	31.2	22	3.1	33	82.67	2.37	84.23	18.78	38.03	19.08	5.09	47.73	10.07	18.06	15.33	4.26	36.5	8.71	19.97	3.75	0.83	38.9
114	-48.321.639	-22.148.667	2	2	11.2	26.4	20	2.67	35	65.67	1.3	83.89	21.41	39.57	15.15	2.91	46.7	11.77	20.17	12.32	2.43	37.19	9.63	19.4	2.83	0.48	31.1
115	-48.321.556	-22.148.583	2	2	9.4	27.1	26	2.77	35	67	1.67	82.76	18.25	36.87	20.64	4.13	52.44	10.99	20.49	17.56	3.4	30.32	7.26	16.38	3.07	0.73	40.23
116	-48.321.639	-22.148.556	2	2	8.4	27.4	20	2.64	41	73.33	2.27	83.55	21.41	38.59	17.86	3.36	51.15	13.67	19.88	14.78	2.82	32.4	7.74	18.71	3.07	0.54	23.17
117	-48.321.694	-22.148.611	2	2	8.3	37.3	30	2.66	34	54	2.3	66.38	18.24	25.48	15.54	4.14	39.67	9.99	12.53	13.66	3.5	26.71	8.25	12.95	1.89	0.64	27.1
118	-48.321.750	-22.148.556	2	2	5.5	28.7	36	2.54	34	71.33	2.23	59.71	13.79	23.67	16.14	4.13	36.3	8.18	10.89	13.91	3.33	23.41	5.61	12.78	2.22	0.8	27.53
119	-48.321.722	-22.148.500	2	2	10.2	24.8	34	2.79	29	63.67	2.23	63.93	16.76	28.35	13.12	4.11	40.55	11.09	14.97	11.02	3.47	23.38	5.67	13.39	2.09	0.64	38.8
120	-48.321.806	-22.148.500	2	2	9.1	33.4	35	2.97	37	71.33	2.13	87.71	18.21	42.15	20.92	4.45	52.04	10.67	20.68	17.05	3.64	35.67	7.54	21.47	3.86	0.82	35.5
121	-48.321.806	-22.148.472	2	2	3.5	29.3	18	1.87	40	46.67	1.7	48.55	10.15	21.9	10.74	3.17	29.3	6.7	10.45	9.51	2.64	19.26	3.45	11.45	1.23	0.53	26.33
122	-48.321.833	-22.148.556	2	2	11.5	31.8	38	2.59	35	65.67	1.97	79.77	19.61	38.93	14.99	4.34	50.19	13.01	20.78	12.78	3.62	29.58	6.6	18.15	2.21	0.71	35.53
123	-48.321.861	-22.148.556	2	2	14.3	29.9	34	NA	NA	NA	NA	75.93	17.78	37.66	15.31	4.5	47.11	11.42	18.84	13.06	3.79	28.81	6.35	18.82	2.24	0.71	34.9
124	-48.321.944	-22.148.528	2	2	11.9	24.5	40	2.84	32	87	2.1	106.95	24.41	53.67	20.12	5.21	67	14.2	30.24	18.07	4.49	39.95	10.21	23.43	2.05	0.72	32.3
125	-48.321.889	-22.148.722	2	2	3.7	43.3	20	2.54	40	72.33	2.6	69.48	19.23	32.75	13.57	3.64	35.28	9.88	10.92	11.39	3.1	34.2	9.35	21.83	2.18	0.54	39.4
126	-48.321.806	-22.148.722	2	2	8	28.7	38	2.98	25	74.67	1.7	57.39	12.88	21.16	12.29	4.1	36.33	8.53	13.49	11.17	3.15	21.06	4.36	7.67	1.12	0.96	43.1
127	-48.321.722	-22.148.750	2	2	7.3	23.6	35	2.2	43	73.33	2.37	95.65	26.04	43.81	19.97	3.53	52.09	13.93	18.56	16.72	2.89	43.56	12.12	25.25	3.26	0.64	32.4
128	-48.322.028	-22.148.917	2	2	11.3	32.2	27	2.91	35	71.67	1.43	59.11	9.91	30.79	12.98	3.29	36.14	5.66	16.24	11.29	2.95	22.97	4.25	14.55	1.7	0.34	35.7
129	-48.322.056	-22.148.944	2	2	9.2	30.6	25	2.94	35	76	2.2	83	19.67	37.02	20.87	4.07	49.63	8.98	19.78	17.54	3.33	33.37	10.69	17.24	3.33	0.74	48
130	-48.322.028	-22.148.972	2	2	9.1	28.7	19	2.55	32	64.33	1.93	75.57	16.55	34.86	18.1	4.32	46.84	8.95	18.77	15.5	3.63	28.72	7.6	16.09	2.6	0.69	43.9
131	-48.322.028	-22.148.944	2	2	8.6	23.2	23	2.87	29	78	2.2	83.85	17.64	42.95	15.61	4.58	52.39	11.25	23.51	13.88	3.75	31.46	6.4	19.44	1.73	0.83	37.37
132	-48.328.333	-22.158.333	3	2	5.9	30	23	2.59	31	57.93	2.13	43.68	9.59	18.8	9.67	2.66	28.33	6.22	11.08	8.81	2.23	15.35	3.38	7.72	0.86	0.43	40.5
133	-48.328.333	-22.158.278	3	2	7.2	27	20	2.77	30	59.93	1.87	73.26	18.33	35.38	13.57	3.21	47.49	12.18	20.56	12	2.74	25.77	6.14	14.82	1.57	0.47	44.9
134	-48.328.417	-22.158.306	3	2	8.2	28	20	2.91	32	70	2.3	72.28	13.42	35.3	16.31	2.95	46.36	8.7	20.88	14.17	2.6	25.93	4.72	14.42	2.14	0.35	31.83
135	-48.328.194	-22.158.056	3	2	8.7	28	36	2.34	29	76.3	1.93	67.1	13.21	28.53	13.33	4.47	40.49	8.69	15.94	12.2	3.66	26.61	4.52	12.59	1.12	0.8	36.07
136	-48.328.111	-22.158.056	3	2	11.6	28	31	2.43	33	72	2.1	91.26	22.48	42.64	18.1	5.5	55.57	12.8	23.09	15.1	4.58	35.69	9.68	19.56	2.99	0.92	40.77
137	-48.328.056	-22.158.056	3	2	8.4	28	28	2.4	32	48.17	1.7	66.94	13.26	34.22	12.45	3.03	38.46	8.38	16.37	11.13	2.59	28.48	4.88	17.85	1.32	0.44	34.67
138	-48.327.944	-22.157.917	3	2	8	27	26	3.26	36	67	1.8	65.87	13.38	32.28	11.81	3.39	38.64	7.8	17.04	10.89	2.91	27.23	5.59	15.24	0.92	0.48	25.37
139	-48.328.028	-22.157.917	3	2	4.5	29	20	2.84	31	66.27	1.83	68.81	13.44	28.66	19.1	3.07	45.55	9.29	16.67	16.98	2.61	23.26	4.14	12	2.11	0.46	27.7
140	-48.328.222	-22.157.917	3	2	11.2	23	40	2.66	37	67.17	1.93	58.99	14.33	25.97	14.27	2.95	36.82	9.02	13.54	11.81	2.45	22.16	5.31	12.43	2.46	0.49	30.43
141	-48.328.222	-22.157.833	3	2	9.5	27	25	3.11	32	60.33	1.77	54.83	12.29	24.7	13.43	3.04	35.99	7.63	14.59	11.25	2.52	18.84	4.67	10.11	2.19	0.52	42.97
142	-48.328.167	-22.157.778	3	2	6.1	28	23	2.6	34	62.17	1.83	64.69	13.71	32.03	13.28	4.03	38.06	7.1	16.38	11.27	3.31	26.63	6.61	15.64	2.01	0.72	34.13
143	-48.328.306	-22.157.722	3	2	7.3	28	33	2.56	32	65.63	2.13	NA	NA	NA	NA	NA	NA	NA	NA	NA	NA	NA	NA	NA	NA	NA	NA
144	-48.328.278	-22.157.667	3	2	5.9	25	28	2.84	27	62.83	1.7	68.87	13.55	27.47	15.4	3.28	41.74	9.88	15.79	13.98	2.09	27.13	3.67	11.69	1.42	1.19	39.33
145	-48.328.194	-22.157.639	3	2	11.2	27	34	2.91	37	66.53	2.07	58.95	12.6	29.81	12.4	2.28	35.59	7.18	16.43	10.17	1.81	23.36	5.42	13.38	2.22	0.47	39.5
146	-48.328.250	-22.157.528	3	2	9.8	21	32	2.46	38	64.5	1.9	75.13	18.41	36.44	14.3	2.58	49.64	12.84	21.86	12.7	2.24	25.49	5.57	14.58	1.6	0.35	34.13
147	-48.328.250	-22.157.528	3	2	6.6	22	15	2.55	34	60.83	1.83	57.75	13.39	24.31	15.57	2.96	35.63	7.23	12.81	13.13	2.46	22.11	6.16	11.5	2.44	0.49	41.7
148	-48.328.139	-22.156.750	3	2	9.1	21	25	2.53	35	64.07	1.97	66.29	17.85	29.74	14.83	2.23	42.43	11.2	16.85	12.5	1.88	23.86	6.65	12.89	2.33	0.35	48.43
149	-48.328.083	-22.157.222	3	2	10.4	25	23	2.5	30	68.67	1.87	51.02	13.37	22.78	11.35	2.15	30.5	7.4	11.65	9.65	1.81	20.52	5.97	11.13	1.7	0.34	36.87
150	-48.327.889	-22.157.278	3	2	6.5	22	33	2.79	32	71	1.77	NA	NA	NA	NA	NA	NA	NA	NA	NA	NA	NA	NA	NA	NA	NA	NA
151	-48.327.361	-22.156.528	3	2	9.4	23	27	2.61	38	55.53	1.53	73.49	15.22	33.75	16.17	3.69	48.11	9.65	21.24	14.13	3.1	25.38	5.57	12.51	2.04	0.59	42.47
152	-48.327.250	-22.156.556	3	2	12.1	24	42	3	42	73.67	2.23	85.7	23.39	44.78	12.72	2.91	52.94	15.28	24.71	10.5	2.44	32.76	8.11	20.07	2.21	0.47	52.23
153	-48.327.194	-22.156.528	3	2	8.1	22	22	2.54	32	55.33	2.03	78.63	16.39	39.96	15.93	3.96	51.3	10.46	23.37	14.11	3.36	27.33	5.93	16.59	1.83	0.6	41.47
154	-48.327.028	-22.156.444	3	2	6.8	23	26	3.12	35	70.17	1.63	81.91	14.14	44.76	16.2	3.51	51.58	9.55	25.15	14.14	2.74	30.33	4.58	19.61	2.06	0.77	31.83
155	-48.327.222	-22.156.167	3	2	7.4	23.5	20	2.75	36	54	1.53	58.78	14.92	27.53	11.87	2.66	36.05	8.93	15.4	9.82	1.89	22.72	5.99	12.13	2.04	0.76	34.9
156	-48.327.333	-22.156.000	3	2	7.8	29.5	18	3	37	70	1.67	70.69	13.89	32.75	14.4	3.29	41.39	8.27	18.31	11.99	2.82	29.3	5.62	14.45	2.4	0.47	39.67
157	-48.327.333	-22.156.000	3	2	5.6	27.5	20	2.46	35	64.33	1.7	58.45	11.01	30.11	10.51	3.6	38.72	7.8	18.38	9.45	3.09	19.73	3.21	11.72	1.06	0.51	43.43
158	-48.327.417	-22.155.944	3	2	10.6	25.5	23	2.83	33	70.83	1.8	72.33	20.27	36.01	12.57	2.59	47.27	12.99	21.2	10.83	2.25	25.06	7.27	14.81	1.74	0.34	39.63
159	-48.327.389	-22.155.806	3	2	5.1	25.5	14	2.68	30	74.5	1.8	51.23	11.77	23.78	9.83	2.96	33.51	8.08	14.28	8.63	2.52	17.72	3.69	9.5	1.2	0.44	46.33
160	-48.327.306	-22.155.833	3	2	7.7	19.5	20	2.36	42	56.17	1.87	56.93	13.21	26.18	11.34	3.12	35.98	8.65	14.58	10.1	2.66	20.94	4.57	11.6	1.24	0.46	47.5
161	-48.327.250	-22.155.778	3	2	11.5	24.5	21	2.91	32	62	1.67	68.75	14.33	37.65	12.47	2.4	42.33	9.03	20.65	10.66	1.99	26.42	5.31	17	1.81	0.41	27.27
162	-48.327.111	-22.155.778	3	2	9.5	19	26	2.81	34	61.33	1.23	73.28	12.72	38.65	11.09	2.61	43.49	9.06	22.25	10.08	2.09	29.79	3.66	16.4	1	0.52	35.9
163	-48.327.056	-22.155.972	3	2	11.7	26	28	3.08	28	83	1.97	94.09	24.11	47.07	19.34	5.78	52.69	12.5	21.99	14.68	3.52	41.4	11.61	25.08	4.66	2.27	37.53
164	-48.327.083	-22.156.000	3	2	10.3	29	31	2.99	30	68	2.2	NA	NA	NA	NA	NA	NA	NA	NA	NA	NA	NA	NA	NA	NA	NA	NA
165	-48.326.806	-22.155.917	3	2	11.3	25.5	30	2.71	28	58.33	1.7	94.15	17.7	50.75	15.75	4.51	59.41	12.72	28.62	14.17	3.91	34.74	4.98	22.13	1.58	0.6	28.53
166	-48.326.778	-22.155.889	3	2	8.1	26.5	25	2.85	28	66	1.9	59.56	10.98	27.91	13.35	3.91	37.15	7.03	15.04	11.77	3.31	22.41	3.95	12.88	1.57	0.6	32.27
167	-48.327.194	-22.155.028	3	2	7	25	21	2.42	34	56.33	1.5	NA	NA	NA	NA	NA	NA	NA	NA	NA	NA	NA	NA	NA	NA	NA	NA
168	-48.326.694	-22.155.000	3	2	6.1	23.5	17	2.49	38	60.33	1.73	70.25	18.25	28.34	18.01	4.03	41.99	10.56	12.75	15.46	3.22	28.26	7.69	15.59	2.54	0.81	32.13
169	-48.326.694	-22.155.028	3	2	11.1	23.5	18	2.7	30	59.83	1.47	87.89	21.62	40.8	18.72	4.43	55.42	13.24	22.03	16.44	3.71	32.47	8.38	18.77	2.28	0.72	37.9
170	-48.326.778	-22.154.972	3	2	NA	NA	NA	NA	NA	NA	NA	NA	NA	NA	NA	NA	NA	NA	NA	NA	NA	NA	NA	NA	NA	NA	NA
171	-48.326.889	-22.154.861	3	2	10.5	25	28	2.9	34	59	1.5	109.1	23.81	63.19	15.42	3.07	62.11	13.26	33.07	13.38	2.4	46.99	10.55	30.12	2.04	0.67	40.7
172	-48.326.500	-22.154.417	3	2	10.8	28	19	2.74	40	58.33	1.93	72.34	13.28	35.41	13.9	3.51	42.19	8.89	17.85	12.59	2.85	30.15	4.39	17.56	1.31	0.66	49
173	-48.327.111	-22.154.250	3	2	7.5	25.5	20	2.95	33	52.67	1.67	65.13	18.11	31.8	11.41	2.04	41.2	10.75	18.53	10.19	1.74	23.93	7.37	13.27	1.23	0.3	46.8
174	-48.327.111	-22.154.250	3	2	8.3	26.5	23	2.68	36	66.17	1.87	73.54	18.79	33.89	15.38	3.02	43.95	11.48	17.21	12.68	2.58	29.59	7.31	16.68	2.7	0.44	33
175	-48.327.333	-22.153.972	3	2	8.8	26	24	3.13	28	68.5	1.6	86.87	17.22	46.99	17.43	3.07	52.1	9.95	24.99	14.61	2.54	34.77	7.26	22	2.82	0.52	33.7
176	-48.327.306	-22.154.083	3	2	10.2	23	25	2.75	45	50.33	1.53	76.31	15.91	34.17	18.86	5.28	43.19	8.38	14.81	15.73	4.28	33.12	7.53	19.37	3.13	1	30.13
177	-48.326.278	-22.154.861	3	2	8.5	24.5	18	2.68	32	60.33	1.6	89.12	20.54	40.74	20.07	4.57	59.43	13.6	24.23	17.71	3.89	29.69	6.94	16.51	2.36	0.68	41.27
178	-48.326.389	-22.155.056	3	2	10.8	27	26	3.06	26	61.67	1.67	66.84	13.8	28.84	16.85	4.37	45.51	9.93	16.87	14.98	3.72	21.33	3.87	11.97	1.87	0.64	36.9
179	-48.326.278	-22.155.083	3	2	6.8	27.5	19	2.44	35	60	2	71.96	16.02	35.88	10.67	3.46	42.23	9.57	19.74	9.95	2.97	29.73	6.45	16.14	0.72	0.49	44.2
180	-48.326.194	-22.155.361	3	2	10.3	28.5	28	2.91	38	70.17	1.77	71.65	17.57	32.95	16.07	3.65	43.1	10.26	16.24	13.6	3	28.54	7.3	16.71	2.47	0.65	33.23
181	-48.325.944	-22.155.417	3	2	7.8	27.5	18	2.38	42	65.33	1.7	87.88	19.58	44.04	15.59	4.07	48.37	10.45	21.14	13.45	3.33	39.5	9.13	22.9	2.14	0.73	37.07
182	-48.325.833	-22.155.500	3	2	9.8	26.5	19	2.52	27	70	1.67	57	11	22.2	15.99	3.37	31.21	6.72	9	12.67	2.82	25.79	4.28	13.19	3.32	0.55	44.07
183	-48.325.861	-22.155.556	3	2	8.4	27.5	16	2.32	43	56.33	1.87	68.06	14.08	32.12	14.87	3.59	37.63	8.06	13.86	12.5	3.21	30.44	6.02	18.26	2.37	0.38	28.83
184	-48.326.222	-22.155.472	3	2	9.2	24	20	2.42	33	52	1.4	74.32	14.59	30.2	16.35	4.52	43.39	9.27	15.44	14.85	3.82	30.93	5.32	14.76	1.5	0.7	34.57
185	-48.321.500	-22.157.389	4	2	7.5	24.5	22	3.07	29	70.67	1.67	64.86	16.95	28.56	13.88	3.32	35.63	9.59	12.05	11.27	2.73	29.23	7.36	16.51	2.61	0.59	24.73
186	-48.321.417	-22.157.583	4	2	8.7	29	28	2.37	39	53.17	1.37	66.15	16.32	33.19	12.21	3.04	39.58	8.71	15.24	9.98	2.32	26.57	7.61	17.95	2.23	0.72	37.6
187	-48.321.639	-22.157.694	4	2	9.2	19	24	2.27	33	58.67	1.67	80.82	22.37	38.67	12.97	3.01	53.59	16.6	23	11.45	2.55	27.23	5.77	15.67	1.52	0.45	33.4
188	-48.321.694	-22.157.194	4	2	8.9	28.5	20	2.37	39	58.5	1.37	57.47	15.3	30.8	12.32	4.91	35.05	7.76	15	9.58	2.7	22.42	7.54	15.8	2.74	2.21	37.67
189	-48.321.417	-22.157.056	4	2	7.1	25.5	25	2.54	30	67	1.73	79.36	17.44	31.34	17.65	5.99	49.64	10.77	17.49	16.35	5.02	29.72	6.67	13.85	1.3	0.97	31.97
190	-48.321.417	-22.157.000	4	2	8.5	31.5	20	2.34	36	68.33	1.57	63.83	14.12	29.68	13.34	3.41	37.22	8.02	14.57	11.74	2.88	26.61	6.1	15.11	1.6	0.52	45.57
191	-48.321.500	-22.157.000	4	2	8.2	25.5	28	2.63	39	57.67	1.57	94.27	20.67	52.98	17.74	5.87	58.04	11.23	28.98	14.15	3.67	36.23	9.43	23.99	3.59	2.2	39
192	-48.321.972	-22.157.139	4	2	8	29.5	30	2.62	33	71.67	1.7	70.45	18.3	34.02	11.08	3.76	43.78	11.88	19.02	9.78	3.1	26.67	6.42	15	1.3	0.66	37.27
193	-48.322.167	-22.157.139	4	2	NA	NA	NA	NA	NA	NA	NA	55.83	11.64	29.33	13.53	4.98	35.61	6.65	15.36	10.72	2.88	20.22	4.99	13.97	2.81	2.1	36.87
194	-48.322.361	-22.157.083	4	2	11.5	27	28	2.54	40	56.67	1.43	79.92	15.83	39.68	17.23	4.05	46.44	8.95	19.11	15.08	3.3	33.48	6.88	20.57	2.15	0.75	47.47
195	-48.322.861	-22.157.139	4	2	10.3	25.5	17	2.66	35	67.83	1.7	61.81	13.48	30.31	10.45	3.23	40.58	9.41	18.76	9.6	2.81	21.23	4.07	11.55	0.85	0.42	39.83
196	-48.323.194	-22.157.111	4	2	10.4	27	36	3.14	33	73.33	1.73	64.95	10.77	34.64	12.43	3.29	33.98	5.95	14.33	10.97	2.73	30.97	4.82	20.31	1.47	0.56	40.1
197	-48.323.222	-22.156.889	4	2	8.1	25.5	23	2.51	45	51.67	1.5	67.84	15.05	33.53	13.13	3.41	38.95	8.19	16.6	11.36	2.8	28.89	6.86	16.93	1.77	0.61	34.5
198	-48.323.139	-22.156.722	4	2	10.5	27	40	2.45	37	53	1.83	63.01	8.98	33.74	12.51	3.56	39.58	6.05	19.22	11.33	2.98	23.43	2.93	14.52	1.18	0.58	38.83
199	-48.323.500	-22.157.194	4	2	6.8	29.5	28	2.79	35	70.33	1.53	73.76	17.27	34.5	14.25	4.3	44.82	10.45	18.35	12.47	3.55	28.94	6.82	16.15	1.79	0.75	47.53
200	-48.323.556	-22.157.306	4	2	8.6	26	27	2.74	31	60.33	1.57	81.77	18.42	39.3	17.45	4.52	46.59	9.88	18.8	14.28	3.62	35.19	8.54	20.5	3.16	0.9	42.6
201	-48.323.361	-22.157.500	4	2	12.5	28	24	3.94	26	73.67	2.03	118.91	26.18	70.29	15.63	3.05	74.1	18.65	39.21	13.88	2.36	44.81	7.53	31.08	1.75	0.69	32
