ID	H	DBH	LN	LL	NN	NL	NW	FM	HFM	PFM	EFM	KFM	FDM	HDM	PDM	EDM	KDM	OC
1	9.5	28.9	15.5	2.68	38	69.67	2.22	51.79	13.66	18.62	15.44	2.57	35.63	9.62	10.7	13.52	1.93	NA
2	9.65	26.2	14	2.73	26.5	68.67	2.03	53.07	12.03	23.15	13.62	3.09	34.79	7.73	13.18	11.44	2.57	44.82
3	9.3	29.3	16.5	2.77	36.5	69.5	2.37	65.33	15.6	34.29	10.92	2.77	32.21	8.42	13.27	8.44	2.21	17.86
4	9.35	27.45	12	2.66	43.5	65	2.53	NA	NA	NA	NA	NA	NA	NA	NA	NA	NA	NA
5	7.8	29.2	10.5	2.78	34	67	2.59	NA	NA	NA	NA	NA	NA	NA	NA	NA	NA	NA
6	8.8	25.2	15	2.63	30	74.17	2.42	NA	NA	NA	NA	NA	NA	NA	NA	NA	NA	NA
7	9.1	22.95	11.5	2.64	35	79.17	2.28	86.62	17.21	41.74	21.38	4.97	52.77	10.23	20.33	18.28	4.06	44.32
8	7	23	15.5	2.3	32.5	59.33	2.29	NA	NA	NA	NA	NA	NA	NA	NA	NA	NA	NA
9	11	27.3	16	2.61	37	67	2.64	78.24	14.58	41.55	16.32	4.43	47.35	8.8	21.07	13.72	3.63	21.84
10	9.77	27.2	13.44	2.57	32.76	64.66	2.45	78.67	15.34	38.19	17.34	5.93	38.19	6.95	12.89	13.6	4.88	26.19
11	9.4	28.95	18.5	2.98	37	69.5	2.56	58.43	10.81	24.58	12.8	3	34.44	7.48	13.24	11.4	2.45	40.12
12	9.7	23.75	17	2.65	36	52.86	2.18	71.9	15.71	35.57	15.42	4.14	39.25	8.39	14.99	12.58	3.41	35.59
13	8	27.15	13.5	2.77	40	70.34	2.47	71.65	15.91	33.32	13.85	3.27	37.25	9.47	13.06	12.11	2.63	25.62
14	8.45	33.55	16	3.47	39	81.84	2.15	53.94	12.95	25.86	14.36	2.53	32.5	7.81	10.72	12.07	2.03	33.26
15	9.3	25.7	15.5	2.7	35	65.17	2.48	85.79	15.55	46.17	17.03	4.88	45.82	8.68	19.86	14.34	3.52	35.72
16	9.37	21.7	17.44	2.81	31.76	70	2.12	NA	NA	NA	NA	NA	NA	NA	NA	NA	NA	NA
17	NA	28.2	14.5	3.02	36	70.17	2.2	98.61	20.06	52.17	19.32	5.07	55.25	10.12	25.4	15.6	4.26	42.22
18	8.15	29.5	19.5	2.69	32.5	75.17	2.06	86.48	14.91	48.84	15.34	4.23	51.29	8.7	25.64	13.33	3.63	47.58
19	7.15	25.5	19	2.6	31.5	60	2.22	87.4	15.7	49.02	16.37	4.63	59.82	11.17	28.72	15.88	3.93	37.08
20	9.65	27.75	24	2.48	35.5	60.34	2.56	114.94	26.74	59.68	19.45	4.4	59.51	15.3	24.62	16.2	3.38	35.9
21	9.65	30.6	17.5	2.65	32	77	2.68	72.66	17.9	34.48	12.76	3.07	43	10.83	18.45	11.18	2.54	37.29
22	7.55	29.45	24.5	2.99	33	80.17	1.94	64.31	13.45	35.14	10.54	2.83	34.98	7.98	15.62	9.03	2.22	17.51
23	7.9	30.15	17	2.95	36	69.5	2.55	60.17	12.73	32.17	11.18	3.74	37.33	7.5	18.07	9.23	2.54	49.08
24	8.27	30.2	27.44	2.92	34.76	75.33	2.79	107.21	18.59	66.26	15.87	3.91	65.78	12.3	36.3	13.63	3.41	36.11
25	8.7	26.45	10.5	2.41	37	60.84	2.2	64.99	15.84	29.85	13.54	3.5	36.61	9.16	13.72	11.46	2.71	33.93
26	7.2	27.55	23	2.8	35.5	75.67	2.7	81.89	21.1	37.39	15.07	3.03	48.96	13.03	20.46	13.03	2.57	34.36
27	5	28.7	22.5	2.75	42.5	70.34	2.37	82.37	18.66	46.01	12.61	2.81	42.04	10.89	18.98	10.32	1.86	33.48
28	9.05	23.75	16	2.9	34.5	75.67	2.63	57.14	12.78	28.29	11.66	2.68	33.65	7.47	14.28	9.9	2.13	27.96
29	7	29.75	22	2.79	32.5	68.5	2.94	70.9	16.35	36.03	14.63	3.06	45	10.03	20.24	12.37	2.5	33.96
30	8.05	27.65	19	2.64	32.5	70	2.73	NA	14.3	NA	13.55	3.83	NA	8.54	NA	11.31	2.94	36.16
31	8.45	23.45	16	2.63	34.5	64.17	2.23	64.64	12.35	34.64	13.04	2.58	40.1	7.63	19.37	11.22	2.2	28.66
32	6.35	22.4	22	2.65	37.5	55.84	2.28	93.55	16.24	56.45	14.57	4.44	49.29	9.21	24.66	12.01	3.41	22.66
33	7.6	23.2	17.5	2.05	28	76.67	2.33	42.25	8.99	21.54	9.45	2.07	25.79	5.11	10.89	8.18	1.75	22.02
34	8.35	29.55	18	2.42	34	69.67	2.03	66.24	16.64	27.68	16.38	5.1	42.91	10.03	15.09	13.49	4.43	40.89
35	5.95	28.95	19.5	2.03	33.5	65.17	2.02	54.38	11.38	27.14	11.37	2.67	31.86	6.14	13.83	9.61	2.28	41.34
36	6.85	25.2	24.5	2.58	32.5	61.16	2.34	56.91	11.83	26.3	13.65	3.55	31.55	6.19	11.41	11.35	2.73	31.59
37	8.1	28.6	26	2.38	33.5	62.17	2.55	76.91	14.74	44.2	14.07	2.32	45.6	8.01	23.54	12.01	2.03	31.77
38	5.55	29.55	22.5	2.34	41	58.5	2.2	73.87	13.75	42.28	12.03	3.33	39.64	7.41	20.82	8.7	2.71	52.55
39	8.35	30.5	22.5	2.39	38.5	60.17	2.37	79.45	16.02	42.73	15.82	3.22	46.62	8.75	22.15	13.23	2.49	33.22
40	7.45	28.65	20	2.55	36	57.75	2.03	78.84	16.21	40.16	15.75	3.87	NA	NA	22.24	13.55	NA	34.18
41	4.8	34.7	24	2.58	41	63.84	2.22	83.27	17.5	40.95	16.39	5.26	54.22	11.53	23.86	14.5	4.46	31.72
42	9	32.95	26	2.82	35	77	2.85	116.98	25.99	54.54	26.34	6.24	74.57	14.72	32.17	22.6	5.07	42.65
43	6.95	34.1	30.5	3.08	27	67.83	2.38	82.21	17.95	42.78	13.21	3.92	51.78	12.11	24.49	11.91	3.4	61.19
44	11.25	29.15	21.5	2.55	41.5	58	2.13	68.25	13.78	34.04	14.72	4.24	42.18	8.08	18.35	12.26	3.63	57.42
45	4.9	29.2	25	2.47	36.5	61.67	2.53	50.65	12.59	21.79	12.4	2.63	31.46	7.3	12.02	10.08	2.2	53.86
46	7.75	31.65	20	2.78	35.5	77.33	2.28	78.03	16.38	42.26	14.3	3.64	48.35	10.73	23.62	11.07	3.06	38.76
47	11.2	22.75	27.5	2.01	39	53.84	1.95	85.21	17.28	46.44	12.61	4.31	51.02	10.77	25.21	11.55	3.63	40.49
48	5.85	25.15	18	2.44	40	60.17	1.9	60.01	10.26	26.7	14.89	4.68	36.57	6.93	13.17	12.91	3.69	42.99
49	9.9	22.55	21	2.6	39	57.83	2.42	103.51	22.08	57.04	17.03	5.16	67.4	14.69	33.73	14.85	4.27	36.96
50	8.05	30.75	30	2.74	41	63	2.37	99	39.23	51.98	19.08	4.4	52.72	9.97	22.75	16.57	3.55	39.39
51	6.75	32.55	30	2.67	33	73.5	2.26	85.28	17.47	47.91	13.92	4.08	45.52	9.58	20.81	11.83	3.28	40.67
52	8.3	31.85	24.5	3.03	34	68.84	2.12	52.98	10.79	25.67	11.45	2.82	31.88	6.4	12.99	10.04	2.44	50.08
53	10.25	25.3	25	2.91	36	69.84	2.18	62.59	12.73	28.76	15.14	4.3	39.23	8.18	14.62	13.04	3.39	33.42
54	12.55	29	24	2.7	31	68.17	2.73	119.23	23.7	65.11	19.48	4.52	65.59	13.43	31.45	16.87	3.85	38.92
55	7.4	31.35	29	2.04	37.5	59	2.3	63.39	14.77	31.43	12.32	3.14	41.56	9.9	18.2	10.8	2.66	50.52
56	5.05	28.7	29	2.34	40	62.34	2.31	73.65	16.49	37.84	15.65	2.77	42.16	9.29	17.86	12.86	2.28	22.99
57	NA	35.6	30	2.7	31.5	73.67	2.46	94.64	19.61	51.74	17.29	4.5	53.36	11.01	26.58	14.39	3.69	37.33
58	9.8	33.95	30	2.93	35.5	69	2.75	69.62	13	35.77	14.48	5.05	41.96	7.93	19.16	11.86	3	32.12
59	6.25	23.5	20	2.32	38.5	56.16	1.71	56.51	12.59	24.97	15.41	3.83	32.99	6.77	10.64	12.44	3.27	32.26
60	8.95	29.2	23.5	2.33	32.5	60.17	2.53	86.4	18.35	48.46	14.74	3.12	45.5	9.52	21.55	12.09	2.47	31.12
61	5.95	29.15	23	2.62	34	64.83	1.83	66.42	14.66	30.12	16.06	4.03	41.34	8.83	15.01	13.96	3.55	30.48
62	6.65	24.15	22	2.59	33	74.17	2.66	83.52	20.23	42.67	13.6	4.71	47.17	11.34	20.69	11.35	3.8	36.38
63	4.8	26.9	24	2.4	33.5	70.17	2.19	78.11	20.54	42.45	12.49	2.71	47.82	12.27	23.28	10.25	2.15	32.86
64	9.85	29.3	29	3.01	32	74.34	2.57	81.49	20.44	44.49	14.41	3.81	53.01	13.13	24.25	12.44	3.2	47.35
65	5.7	26.05	22	2.79	35.5	67.5	1.87	63.53	13.83	30.77	12.46	4.45	33.72	7.71	13.53	9.31	3.3	32.45
66	9.45	27.5	28.5	2.83	38	74.34	3.07	84.24	21.36	40.63	17.17	4.09	52.96	12.5	22.04	14.88	3.53	48.57
67	4.7	34.45	20.5	2.37	42.5	63.84	2.11	79.85	16.14	44.62	13.26	3.73	39.85	8.16	17.58	10.97	3.12	31.97
68	8.6	27.15	24.5	2.76	33.5	77.33	2.22	102.89	NA	61.3	17.36	4.04	64.87	12.78	35.5	13.84	2.75	37.63
69	8.6	26.6	24.5	2.46	32.5	68.67	2.48	82.54	18.26	42.77	14.45	3.68	43.65	9.37	18.52	12.52	3.24	38.02
70	8.7	29.2	27.5	2.76	38	66.83	2.97	73.31	16.99	36.62	13.44	3.91	40.61	8.79	17.33	11.04	3.46	36.86
71	9.1	30.4	18.5	2.76	42	64.5	2.18	72.2	17.28	37.35	14.14	3.08	41.94	9.3	19.28	11.11	2.38	44.22
72	8.95	30.15	28	2.99	33.5	76.17	2.25	71.85	18.02	35	13.5	3.01	42.42	10.92	17.43	11.49	2.58	24.8
73	9.2	29.6	19	2.25	37.5	68	2.54	59.26	13.5	28.52	13.13	4.01	37.67	8.05	15.24	11.13	3.38	48.66
74	7.2	25.2	28	2.34	37.5	62.33	2.42	97.28	22.06	56.94	13.96	3.21	51.11	11.71	25.26	11.62	2.66	27.59
75	7.45	31.9	23	2.88	33	71.09	2.03	82.28	14.31	49.1	11.81	3.25	50.67	9.88	27.41	10.67	2.84	26.52
76	6.45	25.4	25.5	2.42	39	66.5	2.5	77.74	15.09	43.82	13.3	3.09	44.14	8.26	21.65	11.73	2.63	22.09
77	5.45	33.2	31	2.76	32.5	74.16	2.21	133.61	25.36	73.47	24.41	4.9	84.05	15.92	42.85	21.15	4.13	34.55
78	6.65	30.8	15	2.21	35	57	2.17	75.26	13.18	42.26	12.84	3.76	38.52	6.24	18.39	10.75	3.14	42.82
79	8.9	26.25	29.5	2.73	36.5	72.83	2.87	63.08	14.05	29.89	13.86	3.51	38.07	8.07	15.39	11.78	2.85	37.75
80	9.45	26.45	27	2.79	34	84.66	2.75	72.05	14.5	38.24	14.14	3.71	42.28	7.74	19.56	11.85	3.14	43.01
81	8.8	27.6	20.5	2.35	36	70.83	2.38	74.64	13.12	42.05	13.74	3.36	41.86	7.37	19.96	11.75	2.76	36.2
82	6.35	28.65	25.5	2.71	28	72.17	1.57	63.74	12.22	36.59	10.95	3.18	39.54	6.93	20.63	9.26	2.73	35.71
83	6.25	25.65	15.5	2.78	31	75.17	2.36	73.18	12.75	42.89	12.11	3.37	40.86	6.85	20.7	10.49	2.83	33.48
84	7.4	29.45	25	2.69	31	76.33	1.98	67.76	15.6	33.46	13.02	3.17	37.06	8.17	16.26	10.24	2.39	37.53
85	8.9	28.5	23.5	2.87	35	70.5	2.08	66.65	17.82	31.93	13.16	2.42	39.49	10.23	16.23	10.99	2.05	29.72
86	4.95	26.25	23	2.1	39.5	67.5	1.77	43.07	10.59	19.97	9.57	2.61	30.53	7.49	12.89	8.02	2.25	28.36
87	6.2	25.8	26.5	2.27	32	65.83	2.5	97.62	23.97	47.82	19.53	4.44	53.1	13.27	20.34	15.84	3.65	27.17
88	7	31.5	25	3.18	33	86.17	2.57	67.03	16.52	33.74	10.91	4.14	38.95	9.86	16.29	9.33	3.48	40.26
89	7.1	31.15	28	2.77	30.5	78.33	2.33	67.5	13.95	31.14	15.48	4.96	39.01	7.37	14.16	13.3	4.18	27.81
90	NA	27.25	21.5	2.6	33	65.67	2.45	NA	NA	NA	NA	NA	NA	NA	NA	NA	NA	20.88
91	9.25	32.6	25	2.85	38	71.5	2.35	67.95	17.32	31.98	14.19	2.91	35.39	8.85	12.87	11.49	2.31	21.06
92	6.7	29.55	16	2.78	38.5	68.84	2.22	67.56	14.51	31.3	15.25	3.46	40.22	9.92	14.6	13.2	2.63	31.02
93	6.05	27.6	11.5	2.38	45	60.33	2.12	79.84	18.04	40.67	15.96	3.62	43.03	9.17	17.81	13.15	3.03	31.89
94	8.3	31.55	26	3.01	40.5	69.83	2.59	76.86	18.8	37.49	13.14	3.04	41.91	10.99	17.19	11.36	2.51	36.22
95	7.35	28	12.5	2.86	38.5	67.17	2.55	63.27	15.06	28.73	13.34	2.47	35.55	8.6	13.09	11.97	2.03	21.84
96	8.35	31.9	10.5	3.12	28	87.17	2.71	75.26	16.28	39.22	14.72	2.93	43.66	10.07	18.71	12.69	2.31	NA
97	8.85	25	23.5	2.62	41	66.17	2.94	78.83	18.99	40.26	13.97	2.66	49.25	12.31	22.61	12.07	2.26	44.44
98	9.3	32.05	24.5	2.4	30.5	67.17	2.55	NA	20.86	NA	18.92	6.07	NA	11.84	NA	15.66	4.96	41.26
99	8.2	38.1	31.5	2.68	28	72	2.85	91.2	16.9	54.16	15.71	3.02	54.78	10.95	27.77	13.41	2.66	25.05
100	11.35	23.35	20	2.27	41.5	54.17	2.13	68.33	14.53	35.34	12.76	3.55	43	8.97	19.4	11.3	3.33	39.75
101	6.5	38.85	30.5	2.73	32.5	77	2.16	91.75	18.24	50.17	17.06	4.03	57.14	11.46	27.55	14.81	3.33	29
102	5.4	33.25	28	2.24	36	67.83	2.36	97.06	18.48	57.37	15.34	3.98	55.12	10.44	28.56	12.8	3.32	43.57
103	NA	32.8	21.5	2.77	34.5	73.33	2.46	65.88	18.35	32.44	11.39	2.69	36.73	9.95	14.96	9.63	2.18	27
104	13.85	32.8	20.5	2.51	36.5	60.42	2.24	80.86	19.01	42.58	16.31	4.47	44.58	9.85	18.98	12.74	3.02	40.35
105	6.85	30.55	22.5	NA	32.5	78.84	2.52	109.54	24.75	62.61	16.56	5.91	51.89	14.49	20.13	13.51	3.76	22.14
106	8.35	43.3	28	2.99	37.5	66.67	2.08	83.41	18.43	44.09	15.4	3.64	50.58	10.32	24.06	13.15	3.03	45.22
107	7.5	29.75	19	2.8	30	66.34	2.15	97.6	19.19	55.82	16.83	4.67	58.17	11.07	29.15	14.13	3.82	30.93
108	12	31.2	23.5	2.38	43	67.17	1.8	104.58	22.62	52.7	20.84	4.61	56.99	12.06	25.24	16.85	2.83	33.5
109	5.65	37.25	18	2.41	39.5	72.17	2.16	107.53	26.96	56.32	18.39	3.98	57.95	14.35	25.72	15.21	2.66	34
110	8.4	32.1	16	2.41	41	71	1.87	67.82	19.96	31.14	12.72	2.6	43.51	12.96	17.91	10.65	2	33.04
111	8.9	37.55	24.5	NA	38.5	68.5	2.28	78.79	19.57	39.54	14.19	3.68	42.53	10.51	16.53	12.33	3.16	37.03
112	11.3	29.45	29	2.79	38.5	78.67	2.42	96.37	23.71	44.27	18.45	4.41	52.4	13.23	19.88	15.6	3.7	34.46
113	8	31.8	19.5	3.15	34	78.17	2.25	80.51	18.08	37.44	17.63	5.54	46.56	9.84	17.66	14.47	4.59	40.03
114	11.5	26.85	20.5	2.62	36	67.67	1.63	80.98	21.56	39.3	13.6	2.85	46.45	12.41	20.32	11.26	2.47	31.35
115	8.85	27.55	21	2.78	36	71.5	2.12	84.1	19.29	39.09	19.37	3.81	53.14	11.89	21.44	16.54	3.26	39.58
116	7.85	28	19.5	2.76	38	74	2.03	91.51	23.95	44.56	17.41	3.52	55.74	15.04	23.44	14.41	2.86	25.55
117	7.85	37.7	26.5	2.73	33.5	59.84	2.36	69.16	18.12	28.33	15.83	4.33	40.78	9.98	13.66	13.61	3.54	31.67
118	5.7	28.8	29	2.67	35	66.83	2.28	66.26	17.42	25.89	16.92	4.51	41.73	10.16	13.59	14.29	3.7	34.66
119	NA	25.45	29	2.65	33	66.5	2.01	67.26	17.92	31.88	14.03	NA	42.54	11.22	16.39	11.2	3.73	39.08
120	9	34	28	2.69	39	66	2.08	85.26	17.03	43.83	19	4.07	50.72	10.61	20.85	15.85	3.41	37
121	3.15	31.2	19.5	NA	40	58.84	2.01	63.06	13.27	30.95	13.34	3.71	37.99	8.19	15.32	11.45	3.03	29.28
122	11.1	31.45	30	2.66	35	66.34	2.12	79.84	21.15	37.72	14.4	4.17	47.21	12.8	19.88	11.57	2.96	34.35
123	14.05	32.25	25.5	2.67	32.76	58	2.12	71.76	16.78	35.85	13.85	4.47	44.18	10.82	17.97	11.7	3.69	33.94
124	11.35	25.9	29	2.92	35	90.33	2.38	102.98	22.51	52.74	19.99	5.45	64.47	13.05	29.47	17.4	4.55	33.22
125	3.6	46.45	22.5	2.57	38.5	74.17	2.46	71.85	20.72	34.06	13.25	3.44	37.71	10.7	13.17	11.07	2.78	40.85
126	7.15	29.3	31.5	3.29	32	72.34	2.05	61.17	14.14	26.41	12.76	4.38	39.03	9.05	15.35	11.21	3.44	44.31
127	7	23.25	30	2.28	41	72.33	1.97	92.08	25.15	43.29	17.96	3.55	50.62	13.52	19.23	14.98	2.89	35.5
128	10.4	33.1	26.5	2.86	35	72.5	1.9	58.89	11.75	30.22	12.71	3.31	35.41	6.51	15.39	10.66	2.84	38.11
129	8.8	32	23.5	2.93	33.5	77.5	2.01	86.21	20.66	40.48	19.7	3.78	51.09	9.7	21.68	16.64	3.06	50.9
130	8.95	29.45	18	2.54	35	62.5	1.96	85.79	19.63	40.51	19.26	4.64	51.92	10.7	21.2	16.22	3.81	44.82
131	9.15	26.55	21.5	2.87	31.5	78.5	2.15	79.73	17.63	41.04	14.78	4.13	50	11.09	22.51	12.9	3.5	37.89
132	5.35	32.5	24.5	2.67	31	58.97	2.06	52.27	12.3	23.33	11.06	3.07	31.27	6.76	12.29	9.66	2.57	40.89
133	6.8	29.4	22.5	2.75	30.5	63.97	1.93	75.61	19.19	38	13.32	3.23	48.27	12.43	21.67	11.57	2.72	45.29
134	8.1	29.25	21.5	2.91	33	68.17	2.08	63.15	12.23	31.61	14.12	2.7	39.64	7.61	17.7	12.05	2.28	32.22
135	8.25	30.55	32	2.43	29.5	77.15	2.08	69.45	14.07	31.15	13.08	4.49	41.27	8.94	17.05	11.77	3.64	37.24
136	10.45	30.85	27	2.42	31.5	70	1.95	94.91	23.8	47.47	16.88	4.93	59.34	14.36	26.61	14.17	4.19	41.62
137	7.85	30.2	29	2.3	34	48.92	1.75	69.29	14.12	36.84	12.2	3.05	39.24	8.63	17.48	10.7	2.57	35.06
138	7.2	33.35	24.5	3.02	35.5	64.34	1.7	69.41	14.56	36.1	12.26	3.39	39.94	7.98	18.61	10.66	2.69	27.13
139	4.2	30.55	19.5	2.79	33.5	64.8	1.81	70.03	15.84	29.38	18.61	3.09	45.55	9.98	16.72	16.21	2.65	26.9
140	10.6	27.85	28.5	2.7	36.5	63.25	1.88	63.62	15.7	29.03	13.54	2.95	38.76	9.77	15.08	11.33	2.57	35.46
141	9	27.65	22	3.11	35	63	1.97	62.52	13.14	31.32	13.98	3.33	41.48	8.47	18.63	11.67	2.71	43.54
142	5.8	31.5	23.5	2.54	36.5	62.09	1.91	70.27	15.84	33.59	14	4.07	42.8	9.22	18.42	11.78	3.4	34.81
143	7.15	33.05	26.5	2.54	32.5	65.82	2.11	52	13.47	22.04	11.05	3.02	32.76	8.03	12.6	9.54	2.47	36.18
144	5.55	28.7	24	2.81	28	64.58	1.68	62.7	14.64	25.82	13.24	3.02	38.85	9.75	15.03	11.88	2.19	39.72
145	10.65	29.05	29	2.95	35	68.6	2.17	63.55	14.08	34.12	11.71	2.15	37.9	8.01	18.35	9.76	1.78	40.34
146	9.25	26.4	27.5	2.71	34	65.92	1.85	73.91	16.56	38.47	14.14	2.75	45.81	10.56	22.79	10.73	1.74	34.93
147	6.45	27.05	17	2.54	34	59.25	1.78	62.99	13.21	30.63	15.05	2.95	38.26	7.38	16.2	12.65	2.45	37.85
148	8.15	24.8	22.5	2.62	33.5	62.37	1.92	75.26	21.95	33.62	15.17	2.61	47.11	13.51	18.77	12.71	2.12	49.75
149	9.8	26.65	22.5	2.65	32	72.5	1.8	51.6	14.4	22.96	10.88	2.28	31.86	8.44	12.25	9.23	1.93	37.26
150	6.55	25.6	27	2.79	33	71.34	1.72	86.83	16.36	44.69	16.29	3.86	51.23	10.25	23.61	14.03	3.2	NA
151	9.05	24.85	24.5	2.57	33	63.27	2.06	74.18	15.95	35.92	15.11	3.88	47.69	9.59	21.85	12.98	3.27	41.4
152	11.55	28.55	36	3.03	36.5	81.34	2.13	86.36	23.69	45.99	12.22	2.94	54.5	15.54	26.17	10.26	2.54	51.86
153	7.8	26.9	21	2.58	31.5	55.83	1.98	72.49	15.68	37.53	14.03	3.42	47.65	10.07	22.08	12.52	3	39.45
154	6.45	28.2	24.5	2.97	34.5	68.92	1.58	77.48	14.02	42.96	15.48	3.46	48.69	8.88	23.66	13.36	2.79	32.31
155	7.85	26.85	18	2.75	38.5	57.84	1.55	56.56	14.37	27.26	11.09	2.77	35.3	8.67	15.31	9.25	2.07	35.39
156	7.4	32.25	17.5	2.95	37.5	67.84	1.67	65.47	13.92	32.05	14.09	4.11	38.76	7.86	16.86	11.2	2.84	40.79
157	5.55	30.6	17.5	2.41	36	66.17	1.66	63.18	12.36	33.89	11.17	3.79	35.57	7.47	18.03	6.92	3.15	43.37
158	11.1	27.87	21	2.91	34	69.58	1.94	68.5	17.73	34.32	12.02	2.42	42.99	11.11	19.81	10.15	1.92	40.02
159	4.9	27.85	15	2.64	31	74.92	1.76	53.5	14.11	25.34	10.03	3.96	34.4	8.68	14.87	8.41	2.44	46.35
160	7.65	24.05	17	2.33	42	55.25	1.88	59.39	14.69	27.71	11.77	3.18	36.9	8.87	15.27	10.11	2.66	47.95
161	11	26.4	18	2.82	33.5	66	1.78	67.69	15.01	37.31	11.6	2.35	42.3	9.57	20.63	10	2.09	28.12
162	9.35	21.1	24	2.78	34	64.67	1.45	75.51	14.48	42.26	10.97	2.63	45.02	9.51	23.75	9.63	2.12	35.58
163	10.85	29.2	25	2.96	29	83.34	1.9	90.41	21.89	45.18	17.9	5.19	52.64	12.1	22.7	14.21	3.64	43.37
164	10.05	30.9	26	2.9	29.5	73.17	2.23	84.38	16.86	47.36	17.83	5.15	54.47	9.17	28.01	14.02	3.14	49.54
165	11.65	29.3	27	2.82	31.5	68.83	1.91	91.71	19.61	49.42	15.14	4.05	57.62	13.22	27.77	13.16	3.48	29.48
166	8.6	29.3	21.5	2.88	29	68.34	1.91	64.3	13.25	30.62	13.97	4.21	40.87	8.45	16.77	12.12	3.52	32.66
167	7.55	27.6	20.5	2.42	35	65	1.68	75.85	12.63	40.89	15.14	3.45	44.8	8.4	23.35	11.29	1.62	38.28
168	6.2	27.15	17.5	2.54	36.5	65.5	1.77	83.07	18.17	39.27	19.49	4.47	46.55	9.95	18	15.15	3.45	31.87
169	9.9	24.95	17	2.55	34.5	61.75	1.7	85.34	20.63	40.91	17.58	4.2	51.59	12.47	20.75	14.97	3.42	38.95
170	10.17	23.7	13.44	2.08	44.76	51.33	1.52	65.69	13.88	32.36	13.97	3.28	39.31	9.46	14.77	12.09	2.86	28.54
171	9.85	25.25	23	2.91	33	63.67	1.66	96.31	19.8	56.18	14.46	3.01	54.12	11.02	28.11	12.5	2.48	40.55
172	9.95	29	17.5	2.92	38.5	64	1.95	74.69	14.14	38.03	13.65	3.53	42.97	9.14	18.96	12.16	2.83	49.39
173	6.9	26.6	20	2.82	37.5	58.84	1.87	70.88	19.45	36.66	11.16	2.22	39.96	10.82	17.49	9.71	1.96	NA
174	8.15	27.25	20	2.71	36	72.25	1.87	74.9	19.51	36.05	14.19	3.35	43.71	11.56	17.66	11.69	2.81	33.55
175	8.25	29.25	21.5	2.97	29.5	72.09	1.66	86.79	17.45	48.27	15.94	3.05	47.15	9.26	23.78	12.36	1.76	31.56
176	9.85	25.5	21.5	2.85	41.5	52.67	1.76	78.66	16.77	36.79	18.61	5.3	43.97	8.63	15.92	15.3	4.26	30.52
177	8.8	24.75	16	2.64	32	61.67	1.75	90.21	21.52	43.7	18.63	4.16	56.76	12.99	24.41	15.94	3.43	38.35
178	11	29.15	21.5	3.04	31	67.84	1.85	72.48	15.2	33.91	15.95	4.26	44.51	9.44	17.66	13.86	3.56	36.95
179	7.1	28	16	2.49	36	63.5	2.06	84.01	20.52	44.73	11.32	3.45	42.39	10.43	19.27	9.9	2.8	38.1
180	10.4	30.75	25	2.83	37.5	68.92	1.88	66.4	15.72	31.3	15	3.59	42.72	9.63	17.43	12.77	2.9	38.76
181	7.7	27.25	17.5	2.46	40.5	70.67	1.9	90.23	20.44	46.66	15.34	4.09	49.15	10.7	22.25	13.02	3.31	37.46
182	9.2	27.25	18	2.59	26.5	74.17	1.82	61.62	12.06	28.76	14.77	3.16	34.31	7.15	12.75	11.93	2.48	38.73
183	8.8	28.4	16	2.49	37	61.33	1.83	70.41	14.94	34.74	14.62	3.61	38.41	8.31	14.97	12.07	3.19	31.2
184	8.75	24.25	18	2.47	33.5	59.84	1.61	76.37	16.74	35.01	15.43	4.2	46.63	10.46	19.03	13.62	3.51	33.08
185	7.65	24	20	3.09	31	68.5	1.75	77.31	17.37	40.18	15.35	4.21	47.02	10.25	20.76	12.63	3.41	26.65
186	8.6	28.15	21.5	2.54	37	62.92	1.53	72.85	17.85	37.61	12.8	3.22	42.1	9.57	17.52	10.66	2.68	37.95
187	8.9	19	21	2.69	33	65	1.78	76.58	17.32	40	13.19	3.43	47.49	NA	21.95	11.23	2.71	36.85
188	8.4	29.5	19.5	2.44	36.5	59.42	1.48	60.12	13.93	32.32	11.98	4.45	35.3	7.12	15.76	9.61	2.8	35.15
189	6.9	26.75	24	2.53	33	69.34	1.81	75.97	17.55	32.56	17.1	5.17	45.19	9.71	15.98	15.14	4.35	32.36
190	8.55	31.2	19.5	2.57	32.5	71.17	1.67	72.66	16.81	36.49	14.2	3.68	41.45	8.99	16.96	12.39	3.12	43.00
191	8.05	27.2	21.5	2.84	37	66.17	1.77	87.6	20.39	46.79	16.18	4.88	53.7	11.05	26.14	13.13	3.37	38.64
192	7.65	30.75	26	2.71	31.5	78.17	1.85	70.99	19.66	33.98	11.6	3.93	41.88	11.97	16.58	10.02	3.3	34.12
193	10.27	27.7	26.44	2.49	34.76	67.33	2.02	62.07	12.05	32.46	14.27	4.67	39.02	7.01	17.04	11.72	3.25	35.77
194	11.5	27.7	22.5	2.57	37	64.5	1.66	79.75	18.93	37.4	16.71	3.96	45.91	10.26	18.09	14.33	3.24	44.7
195	10.3	24.5	15.5	2.73	33	69.75	1.86	68.44	14.1	34.59	12.29	3.21	44.06	9.4	21.67	10.2	2.79	39.06
196	10.45	28.15	28.5	3.12	32.5	73.5	1.78	74.11	14.21	40.3	13.37	3.4	39.63	7.48	17.73	11.63	2.79	40.2
197	7.85	25.95	19	2.7	40	63.67	1.53	74.17	17.66	36.97	14.01	3.47	43.52	9.94	18.96	11.81	2.82	36.52
198	10.25	26.45	29	2.53	36	56.5	1.83	76.01	10.4	44.77	13.78	3.75	46.95	6.91	24.85	12.02	3.18	38.68
199	7.75	28	24	2.79	35.5	72.17	1.68	75.46	18.63	36.65	14.42	4.24	44.74	10.68	18.71	12.1	3.26	NA
200	8.7	27.45	23	2.64	35	58.17	1.62	84.12	19.28	41.92	17.2	4.54	47.37	10.13	19.91	13.85	3.6	42.99
201	12	28.95	23.5	3.63	25.5	80.34	2.53	119.52	24.59	73.49	15.78	3.21	74.7	17.8	40.74	13.68	2.49	34.05
